1.0 0.0 0.0 0.0 0.0 1.0 0.0 0.0 0.0 0.0 1.0 0.0
0.9959873355243631 -0.00581859106260552 0.08930493532345146 -0.003457894808598865 0.0052173932915567526 0.999962140541026 0.006963927903907032 -0.0003940584895610525 -0.0893420745355787 -0.006470045027336638 0.9959799858606715 0.06395856520080187
0.9947974882263367 -0.0039178794754686636 0.10179689405373325 -0.0020189825924719932 0.003458729066647938 0.9999830364947568 0.004686567610707444 0.0002886474778945638 -0.10181352862863959 -0.00431009781117654 0.9947941638575507 0.08641717318672126
0.993198746898411 -0.00862126137137391 0.11611168335612301 0.0021117669243948863 0.008201416667649777 0.999957990564876 0.004093149166518214 0.0007694808792741716 -0.11614209367869048 -0.003113030327868365 0.9932277297367951 0.1370847360440493
0.9928864847679346 -0.015472297740261933 0.11805522592333917 0.0011486767765791594 0.015162227804773776 0.9998788360382307 0.0035242149238505415 0.000811876139956816 -0.11809544958706121 -0.001709165138314923 0.9930007772108538 0.1494487697170642
0.9942282847142198 -0.02724909168160094 0.10376707029085824 0.004713977783233821 0.026889076239439483 0.999626575141484 0.004867016529344425 0.0001775018518886185 -0.10386094286694023 -0.002048724831451664 0.9945897180613497 0.21028117764735307
0.9945128349370266 -0.02813054075047615 0.10076156917497937 0.004433010130965843 0.027729791645901645 0.999600999638859 0.005375888416725849 0.00021468898254895633 -0.10087259192066614 -0.002552292710486817 0.9948960779906243 0.222356491203996
0.9955113178983603 -0.02750688806199251 0.09055709273941447 0.004791264859426424 0.027192446741973412 0.9996191468579365 0.004704473955328006 0.0010835455273532947 -0.09065200922458831 -0.002220888145862576 0.9958801538736418 0.25678602031199077
0.995818840333442 -0.026369956491179063 0.08746120643812375 0.00493606163759757 0.026510496857182098 0.9996484357315504 -0.00044552873042917693 0.0011246065494666356 -0.08741870962982766 0.0027623059420744823 0.9961678266600151 0.27005113728294844
0.9961714657493315 -0.015222050775616842 0.08608542267430055 0.0075727302675050855 0.01621269570205956 0.999810017272439 -0.010820252296387327 0.0012413674832067174 -0.08590436150103706 0.012174503352071377 0.9962290008543364 0.2939740455215367
0.9962697152097609 -0.012637178396993824 0.08536367071550026 0.009432322841155853 0.013607262540133582 0.9998491779155338 -0.010791840797326094 0.000805028889656328 -0.0852144175713575 0.01191315003655651 0.9962914131388371 0.3083548730407074
0.9957744113150162 -0.0034134694053334263 0.09176965727762153 0.01432504543914699 0.004257793658608523 0.999950377951015 -0.009006266084376133 -6.33101180017025e-05 -0.09173436086545746 0.009358945573125377 0.995739532796788 0.3634580581241894
0.9945888431439025 0.008524216822377974 0.10353922358816017 0.019199604563713044 -0.00782956917753912 0.9999440456308674 -0.007113610466398227 -0.001265620845126153 -0.10359406807422931 0.006264450090679167 0.9945999324979334 0.42937085086654153
0.9940153825531386 0.006370944724627628 0.10905425397962877 0.019799753522957885 -0.005692582850752259 0.9999624721176841 -0.006530609219433136 -0.0011086160271063332 -0.10909176755477451 0.005870725645553891 0.9940143463915248 0.446645631273942
0.9929526894053408 0.006217208491547606 0.11834822736853015 0.020609172748564594 -0.005240594236123842 0.999949617554491 -0.008561455757026647 -0.0007964594495435046 -0.11839549305084623 0.007880905480961481 0.9929352438875596 0.46872937020630656
0.9901110414749924 0.006773306060398668 0.14012226045249804 0.023989042360482004 -0.005139188887913113 0.9999145427967286 -0.012020642294936535 -0.0011345585591386253 -0.1401917054853099 0.011181655897971236 0.9900612386537005 0.5170873765415512
0.9890752448476404 0.007685607473195189 0.14721104397207374 0.029292707136492693 -0.006006674198284778 0.9999117909969405 -0.011846100217618833 -0.001229972705648516 -0.14728910310900636 0.010832435693701433 0.9890341644464495 0.5363256646827488
0.9876045477969442 0.010378707472514676 0.15661909079672617 0.033402217365781035 -0.008695677850011326 0.9998968947335003 -0.01142738329766754 -0.001854128550710708 -0.15672154401205343 0.009923826555465323 0.9875929704635282 0.5562786772636598
0.9857998565197724 0.007126613291615328 0.1677732227400657 0.036343935761273066 -0.005086843722458018 0.9999078725864335 -0.012584528621106176 -0.0015248501513019084 -0.16784745129592887 0.011552390344163626 0.9857452892967824 0.5811770985413959
0.9838596501194188 0.00772994456144675 0.17877482156045277 0.03947426294198901 -0.005358398155396044 0.9998911805995775 -0.013744618160979619 -0.002093653689086248 -0.1788616125279626 0.01256482854080567 0.9837940072228725 0.6023722695398148
0.9816965879446838 0.009308955816348764 0.19022395369504572 0.04253463088338382 -0.006622121342622372 0.9998692047674241 -0.014755367385535964 -0.0030679465971075255 -0.1903364303718267 0.01322560771260899 0.9816298317461338 0.6196642559785966
0.980262966956521 0.013102069098088592 0.19726340613237783 0.049706183481037426 -0.010045569514557633 0.999813611511449 -0.016487230500023112 -0.0038116661514293855 -0.19744265533750993 0.01418019822786756 0.9802118749696372 0.6359323803404536
0.9804145864444146 0.01721427951243262 0.1961909969083581 0.06652868953377025 -0.014392355052056346 0.9997715795534422 -0.015800279531400254 -0.006674326383516553 -0.19641817330146183 0.01266717403696201 0.9804383937294757 0.6597347669342336
0.9798526452019035 0.021816196331441398 0.1985266915768764 0.07761418300540585 -0.018804599353065603 0.9996779146353385 -0.017042712035106156 -0.007632802870114998 -0.19883455618680299 0.012966131573020364 0.9799472938367799 0.68001185773658
0.9793262461504739 0.028034400544213765 0.2003351591382486 0.09299240665283114 -0.024999836666671542 0.9995314257147909 -0.0176617432660898 -0.009581504605373579 -0.20073642361928376 0.012288262476205306 0.9795682144893513 0.704518549914803
0.9780070991324318 0.026973421788069215 0.20682008742771546 0.09863674153353126 -0.023635358621753887 0.9995477087509484 -0.018594293574918135 -0.010305459431552194 -0.20722809623549124 0.013297084183085993 0.9782022815772013 0.720690093849537
0.9763592710071901 0.025864782319126423 0.21460099476445094 0.10152611325140179 -0.02240263833834431 0.9995769229656132 -0.018549848249461872 -0.010911868843779076 -0.2149899897990347 0.013303687841381712 0.9765256351863121 0.7314048168305847
0.975225541954992 0.024315613120317218 0.21987244774453785 0.10539343230644488 -0.02096201500164449 0.9996258214924796 -0.017573017172811702 -0.01148742442159553 -0.22021747488712676 0.012528685648070385 0.9753703377642103 0.7421592301626149
0.9755416340701913 0.02143084700338356 0.21876754556464198 0.11048239579015137 -0.01835765089739352 0.9997023153959974 -0.016071006359613747 -0.012191404536019317 -0.21904683711295522 0.011661877576054733 0.9756446503528895 0.7522744809995859
0.9749955560237078 0.019026711040083435 0.22140833317880637 0.11398538001471269 -0.015980462137595942 0.9997515064032867 -0.015541887730500322 -0.012429283634333337 -0.22164902563261812 0.011615063984145073 0.9750573315065918 0.7638796838046721
0.9744728410195419 0.015447311845801913 0.22397335259365148 0.1155933917041649 -0.011935646185405218 0.9997838318925969 -0.017024389454300872 -0.012062298502474117 -0.22418791775079755 0.013916538466638902 0.974446564718491 0.7784624571355889
0.9740935550100774 0.015515187807296485 0.22561255513630502 0.11778732736970869 -0.011855086420312777 0.9997753720599193 -0.01756878904239341 -0.01222835022274447 -0.22583445931432794 0.01443898783687865 0.9740586802736536 0.7902269163485213
0.9740143166856827 0.014397506153042257 0.22602836704248996 0.1233439303605839 -0.009876993761065173 0.9997282012943596 -0.02111796701834049 -0.01245591090128728 -0.22627097888497613 0.018336721444057312 0.9738917849335816 0.816531741365299
0.9748813104099243 0.011582573159033447 0.22242363771066107 0.1253965623158265 -0.006582654888501584 0.9997089980820622 -0.023207494659652682 -0.01258571855219225 -0.22262771451022587 0.021160414759039178 0.9746738621606608 0.8260706192677817
0.9764165113906924 0.010893001908571159 0.21562035802087143 0.128012880425687 -0.005709985746791436 0.9996799328134718 -0.024646054305365102 -0.012823765322574027 -0.21581981453610863 0.02283362519337294 0.9761661913906505 0.8374058986686747
0.9782823440076756 0.01216396577961716 0.20691953348913078 0.1302714425142796 -0.00679042369103421 0.999621503966755 -0.0266596877952101 -0.012934926873294974 -0.20716550279654053 0.024675630564468653 0.9779946665024826 0.8482934192276494
0.9806694672469934 0.013394889627074025 0.1952126351990964 0.13247105417984456 -0.008095996999949142 0.9995774613384335 -0.027916905573286965 -0.013207828691190925 -0.19550409418238224 0.02579681600681593 0.9803635414691003 0.8588616546117676
0.9833464588466814 0.013089627360146319 0.18126887082249743 0.13401656395928177 -0.00800227849652776 0.9995540778307731 -0.028768194777140346 -0.013569472824114892 -0.18156460396386384 0.026838538474439847 0.9830127097042037 0.8700291108309235
0.9865445269859011 0.012147256008769411 0.16304091647688015 0.13545172135702113 -0.007102352054789229 0.9994788362484347 -0.03148987911635798 -0.013725819244721634 -0.16333846108450206 0.02990819390953633 0.9861166498278061 0.8810519097741758
0.9899405958895731 0.013504317449317283 0.1408376725880686 0.1366568964442261 -0.008586283129264861 0.9993338808791253 -0.0354692862782511 -0.013767715768279816 -0.14122284642302044 0.03390321426196194 0.9893971294232096 0.8924381566727001
0.9935438278036837 0.01733723191713397 0.11211637981425657 0.13903900343978692 -0.013192877130754442 0.9992057169382168 -0.03760163867433739 -0.014267959959577222 -0.1126792360029829 0.03587973839695777 0.9929834007405914 0.9008819893430039
0.9964062649211702 0.016965985169395393 0.0829862071254821 0.13932141401250864 -0.013648506660797173 0.9990911133509798 -0.040381499341012136 -0.014358339091814915 -0.08359589398871042 0.03910374112958822 0.9957322049315762 0.9115456421393016
0.998642190334502 0.018220022198038987 0.0488037547224598 0.13953971956869762 -0.01622979971592525 0.9990326299297135 -0.040870502038744996 -0.014507198498140394 -0.0495012048852145 0.04002293251151242 0.9979718410797428 0.9195299005690906
0.9997771480308054 0.01950218560275565 0.00808201906107016 0.14031923079350872 -0.01917709105161466 0.9990738573641847 -0.03851839444012283 -0.014773446719080253 -0.008825726836125465 0.03835482092465666 0.9992252069767116 0.9247957010326704
0.9991692152497955 0.021441490909051123 -0.03465749218717008 0.13963201550861123 -0.022662309728426307 0.999122426886181 -0.03522493166549368 -0.014846130316578613 0.03387180265175688 0.035981086151795204 0.9987782849183586 0.9340614407768824
0.9963598357227643 0.019110854543596453 -0.08307739161238901 0.13890402991223705 -0.021960417456999448 0.9991966627097114 -0.03352266837361509 -0.01442264584071094 0.08237000560652585 0.035225054554770575 0.9959791050559216 0.9418859681019338
0.99080069883246 0.023365612139853057 -0.1332967492568274 0.1376770795516969 -0.02741338071264268 0.9992146110429305 -0.02861236858818686 -0.014815604902357754 0.13252351395511425 0.03200326932756259 0.9906630653261159 0.9483622317332968
0.9817682935578687 0.028139061543305133 -0.18798726281301914 0.13616186134271624 -0.033340130367188296 0.9991422019535607 -0.024562084245566107 -0.015186808083667198 0.18713485370600544 0.03038179538555103 0.9818642946138649 0.9553188178699652
0.9688507093100908 0.029585873937792297 -0.24587187544058242 0.13377566078782183 -0.03616225959654857 0.9990976634992244 -0.022274419661570493 -0.015405055315503294 0.2449910081007142 0.030471869875755845 0.9690463720050093 0.9632232760710779
0.9509177507154017 0.025364208245062223 -0.3084024778020771 0.13119729954836057 -0.03352937903335118 0.9992127705575896 -0.021204242411849365 -0.01589121915198627 0.307621865471227 0.03050403407295047 0.9510196064168596 0.9711149975377878
0.9294151573336641 0.022685959051817348 -0.3683379054351293 0.12652272839275905 -0.034321687617905015 0.9990963906295318 -0.025068386268320832 -0.01596507102648033 0.3674363714679023 0.03594091669585046 0.9293539494883334 0.9789052746424403
0.9027756390761335 0.018995321093679688 -0.42969212614059527 0.12140629982305758 -0.03460035104100145 0.9989938529359732 -0.028532393940484117 -0.016334166839125114 0.428717810684974 0.04062584857801147 0.9025245587953822 0.9878315724675231
0.8716230895420154 0.018394669289211563 -0.48983142602222907 0.11543009901050093 -0.038227176640892466 0.9988030529954031 -0.030514657021249426 -0.01672918144134512 0.4886838167397161 0.04532215207598845 0.8712829791680224 0.996276685453569
0.8354049306644408 0.017552326223945185 -0.5493546374298364 0.11011894953012083 -0.04105274925589702 0.9986907425059908 -0.030520036228054253 -0.016987193088485033 0.5480996931216725 0.04804910693194525 0.835031741745768 1.0033700258974945
0.7955686428773077 0.015121010139834424 -0.6056747390495231 0.10415564632456616 -0.04223801986020539 0.9986404281810579 -0.030549056951706875 -0.017089579352378922 0.6043893481429387 0.049886373437049554 0.795125691697013 1.009445353740238
0.7528185928066178 0.014756668139523572 -0.6580626163748261 0.09848310237845821 -0.044035364305690876 0.9986380127426827 -0.027982247869086506 -0.017386961194407188 0.6567534187312065 0.05004358351239332 0.7524430787336082 1.0142071616386488
0.7065459410060867 0.019085399626237756 -0.7074097686411519 0.09115668676427979 -0.04992647052824264 0.9984897100653495 -0.022926980485950526 -0.017127108492004946 0.7059038042031043 0.051517437967327585 0.7064317184249784 1.0195506605904872
0.6570576283098127 0.021756973689272728 -0.7535263148528828 0.08342142204176402 -0.04922180326606023 0.9986885590518727 -0.014084605146314802 -0.017050762675164855 0.752231671204503 0.046344321278605806 0.6572668535093685 1.0250884382067846
0.6053140718896295 0.027168277413916784 -0.7955229469190405 0.07462804918794859 -0.054996845203279736 0.998456463481786 -0.0077483900990688165 -0.016137277719497536 0.7940845177876733 0.0484414619288201 0.6058739170620542 1.03136797698559
0.5558079555597917 0.031716351432732236 -0.8307054770423976 0.065544334264554 -0.05472584830176545 0.9985002809313307 0.001506820394728685 -0.016064058619770612 0.8295074430432168 0.04462355915707808 0.5567101040075159 1.0358969836212972
0.5081270387503174 0.03738170563114489 -0.8604705227809593 0.057800992593024694 -0.05757206357544334 0.9982973641813683 0.009371774868914882 -0.016074017302650612 0.8593557877773896 0.04477701143036405 0.5094140253868826 1.0391820353175643
0.4649205784030936 0.0411470555695426 -0.8843957121081532 0.04844102341992137 -0.06130909135212298 0.9980177613972783 0.01420363520856935 -0.016084551234331543 0.8832270665547501 0.047617935208470075 0.46652168347416934 1.041905035273992
0.42503048300588975 0.04554387670254337 -0.9040325457696095 0.04173396829390306 -0.06759152240873047 0.9975419792569159 0.018476626279181205 -0.016188174199378146 0.9026519122088255 0.053251806683848595 0.42706412922494064 1.0450373343834847
0.3892920885532407 0.0441431073708689 -0.9200560069156102 0.03445308164047897 -0.07000314840045654 0.9973801185541035 0.01823343980224261 -0.01590750556180798 0.9184504499448398 0.05730868332672021 0.39136234592954783 1.0484677022547317
0.3578027362637926 0.041863231126583564 -0.9328583342618443 0.026363311613311714 -0.0671978731655385 0.9975588829496234 0.018992653588263318 -0.015248462935962902 0.9313762117233672 0.055890472604352086 0.35974241799917317 1.051922734198639
0.3360244228112329 0.03851215851620684 -0.9410655667490965 0.018355110082736978 -0.059996928207838085 0.9980096440293359 0.01941955277697198 -0.015021777159890228 0.9399404001743945 0.049935599233979805 0.337666225804629 1.0548263909856384
0.3199708362942185 0.035747129120064274 -0.946752769565978 0.01016231272026916 -0.05470113651816421 0.9983180248102541 0.019206951933348645 -0.014761103036342123 0.9458469482875121 0.04564278802420229 0.32138806187625996 1.058026374118443
0.3074113260679082 0.035068035055589974 -0.9509303389431362 0.000848634658571077 -0.05665531536192034 0.9982224410698832 0.018496847994207893 -0.014485037317153879 0.9498886523411108 0.048189117670065305 0.30885167490523596 1.06051838050298
0.297494776067083 0.035322644123393504 -0.9540697925335054 -0.009481275164362578 -0.060879957562423904 0.997983409953286 0.017965083501186183 -0.013921977087991581 0.9527803991371746 0.05273920998781867 0.29904529213794306 1.0629352352162587
0.2909657669461979 0.034890397729594916 -0.9560970571085758 -0.0189652976031274 -0.06696174914243677 0.9976268027540937 0.01602768162978059 -0.013520080888679595 0.9543872623925763 0.05935842461614803 0.2926115698496786 1.065240776629414
0.28710208030088064 0.031134126325697536 -0.9573938905512401 -0.03708307351474033 -0.07432302888872122 0.9971826637056337 0.01014014702747137 -0.013746665321426321 0.9550122946139035 0.06824515647918136 0.28860719976019233 1.0706835910499037
0.2986880849973859 0.01348464156005799 -0.9542555173131507 -0.0855109765278579 -0.06583641477050314 0.9978092121782941 -0.006507117817700152 -0.01358601435163498 0.9520771997956684 0.06476836059469103 0.2989215032330661 1.0826676637243053
0.30288249513576015 0.014800932896337536 -0.952912969019591 -0.09731819755684529 -0.0704486743329032 0.9974915499211818 -0.006898704267476541 -0.013756746230892063 0.9504205271484163 0.06922095218379823 0.303165435618403 1.0859205927529592
0.30560033156741256 0.01956135569554967 -0.9519589228056206 -0.10738295709139492 -0.07605348890684115 0.9970960099677169 -0.003926032545797699 -0.013618335917881768 0.9491176450635532 0.07359959422310612 0.3062005805990743 1.0903214021064576
0.30922342668089325 0.022629910656537477 -0.9507201268172464 -0.11864895631981262 -0.0739906473937799 0.9972588814171273 -0.00032792210108984344 -0.013442401881384607 0.9481066693626703 0.07044579886928819 0.310050210339701 1.0941826196134365
0.309728402481371 0.026857665550606383 -0.9504456757213993 -0.12924376016325173 -0.0711977771700486 0.9974497653575792 0.004984186407924068 -0.01347588529683248 0.9481556798450252 0.06612587533845295 0.310850728466803 1.099661182385242
0.31319956193597626 0.03059458208417953 -0.9491943983980333 -0.1400106318494673 -0.07103308326193138 0.9974359209496931 0.008711181408740777 -0.013480448953656833 0.947027103881096 0.06469586653200417 0.31456972099720226 1.1030208919879034
0.31406109440370866 0.029641177615912593 -0.9489399504560255 -0.15197608690157724 -0.06787294290284734 0.9976560427532162 0.008699653998549148 -0.01361312972908476 0.9469735437717631 0.061675124219814886 0.31533678258144815 1.1077809658154192
0.31172865811862543 0.025312967689464193 -0.9498339314713445 -0.16615441020689267 -0.06567104503645195 0.9978286023871316 0.00503925609182345 -0.014040726836365976 0.9478990228665611 0.0608057063513849 0.3127141002956668 1.1148077786142958
0.30656469981956264 0.017141255269568008 -0.951695467149194 -0.1808484452847769 -0.06842670990452918 0.9976478315790509 -0.004073023109909612 -0.013624910438976656 0.9493871023961631 0.06637003475512114 0.3070165277154014 1.124627459550145
0.30397498293329733 0.009851237115313225 -0.952629079378746 -0.19136370972678607 -0.07120859353920642 0.9973842686212187 -0.012407937503043765 -0.013293627824445544 0.9500150240690245 0.07160707949783497 0.30388135877167877 1.1292346953857477
0.30022513132750367 0.00568051289809757 -0.9538514571423558 -0.204503747947869 -0.0726269618702108 0.9972156324313423 -0.016920604127967705 -0.013492184417276233 0.9510994663697828 0.07435532400418297 0.29980175260219466 1.1340255449276322
0.2959779221598714 0.007458370937460273 -0.9551656622266537 -0.21602417473251528 -0.06950892131359351 0.9974865656731792 -0.013749951248698843 -0.01389271852473599 0.9526623638266315 0.07046221685754862 0.295752424408955 1.1384247036516215
0.2949740794101533 0.013439831179205306 -0.955410730217117 -0.23214954404914967 -0.06679292923051504 0.997745120144704 -0.006586336784000815 -0.014436019173027172 0.953167874553554 0.06575747991901272 0.2952066339934814 1.1423974536970476
0.29093472091725725 0.017716428099219552 -0.9565788604920143 -0.24521914421917326 -0.06815181545056505 0.9976724244181009 -0.00225024587437588 -0.014745246072370495 0.9543124845749371 0.06584726061962054 0.29146495510318665 1.1471298712100355
0.2887655334245533 0.01707079794817046 -0.957247645368451 -0.259825219402349 -0.07204795662680945 0.9973933575867585 -0.003947427986437615 -0.014980072551410673 0.9546850573104905 0.07010761798278052 0.2892427410478032 1.1515358015738735
0.28596463031268093 0.013639547051985591 -0.9581430962890387 -0.27539163318050996 -0.07584081017254732 0.9970842067147448 -0.008441340675160992 -0.015839193023822282 0.9552342130192487 0.0750802735493098 0.28616525086260575 1.1555862628878448
0.27980373480272736 0.006959038490765357 -0.9600320003904697 -0.2880985010390343 -0.07617556895602462 0.9969819665508312 -0.014974680853289452 -0.015609881773503654 0.9570303823205777 0.077320955475964 0.2794893864883131 1.1601598235018606
0.27502703250798394 0.0024400805897115125 -0.9614333972754253 -0.3027406828240548 -0.07735551687132203 0.9968109282136837 -0.01959840308136989 -0.01538543422659927 0.9583194954708073 0.07976226802495641 0.27433870525336507 1.1656055236668328
0.27178479282281853 0.0017989652823491398 -0.9623563737587902 -0.3149724740093763 -0.07674740568772684 0.9968537257359096 -0.01981123940176361 -0.015249789787953619 0.9592928969352692 0.07924274862940743 0.2710677492421334 1.1690177004319264
0.2668133895806151 0.0020869370078245133 -0.9637459519159737 -0.32846313175131375 -0.07278454714094916 0.9971854044305596 -0.017991078015038905 -0.015910842628109736 0.9609958505831282 0.0749460731765292 0.2662143145614621 1.1730256373174832
0.26414080461530237 0.0034361099857655015 -0.9644780082953391 -0.34167230826716205 -0.0729917278607211 0.9971970798181468 -0.016437507903029516 -0.016090682899710287 0.9617181723358915 0.07474073287252055 0.26365124662817735 1.1770589145673782
0.2582531700560899 0.004409484466629056 -0.9660672112243106 -0.3529759880652294 -0.07108065480209341 0.9973659108058824 -0.01444923787794129 -0.016594868274454222 0.9634587903324597 0.07240025144352935 0.25788633721472776 1.1830605479255158
0.2556464202434953 0.0036204678338409057 -0.9667635698708078 -0.36445257657420577 -0.06771718519815591 0.9976039142831878 -0.014170851622107728 -0.016821426744843836 0.9643958163770338 0.06908923519276558 0.2552790373982055 1.1875479283089234
0.2541568231500528 0.004134994632824106 -0.9671541816409922 -0.3771060597547142 -0.06806383635049962 0.997587978679684 -0.013621269215096004 -0.0171592499753302 0.9647650612597484 0.06929016245589444 0.2538252350719113 1.191240153399728
0.2547267177682208 0.002560155131481141 -0.9670096922268825 -0.3910910230528016 -0.07268527022371023 0.9972183263070922 -0.01650639784397821 -0.017389200223394827 0.9642775278660892 0.07449198133343099 0.254204236726072 1.1944114420214043
0.2544298692612348 0.0016067584571547052 -0.9670898923858989 -0.4039556431943439 -0.07867581442968069 0.9967183615447592 -0.01904268844865865 -0.018433630094462153 0.9638856560046623 0.08093161364254771 0.2537213354483152 1.198707825527699
0.2553649622045283 0.0030495719347146213 -0.9668399227324517 -0.41612074341595207 -0.08780369771284498 0.9959360029116273 -0.020049657661862674 -0.019245003345053465 0.9628495452282417 0.0900121003833461 0.25459492343396756 1.2027793604831591
0.26014689698933663 0.005276130290657213 -0.9655546356555768 -0.429376338550305 -0.09562346167573084 0.9952100439055827 -0.02032540495523474 -0.019719448776350984 0.9608224318592743 0.0976172677275916 0.25940532661730525 1.2067471712872906
0.26472223725526367 0.006907360086183573 -0.9642999665452686 -0.4442354836768809 -0.09884617934978805 0.9949015400456447 -0.02000895906212956 -0.019846889474490235 0.9592453126966625 0.10061418384820446 0.2640553276835045 1.209871091103976
0.2672227283209096 0.005267998368934427 -0.963620392925509 -0.45764150844975676 -0.09905026216705139 0.9948385623194905 -0.022029082748116723 -0.020324566149866653 0.9585306771477728 0.10133352414314788 0.2663652714814057 1.2139411588379083
0.26944081880873294 0.0026641410214315177 -0.9630132644529336 -0.4707015379483833 -0.09857533124993893 0.9948198153328414 -0.02482819143820127 -0.020986018563705737 0.9579585321028486 0.10161907977218222 0.2683076841941191 1.2180302351168526
0.27131055470784327 0.00268564651165 -0.9624881143198264 -0.48388390048407376 -0.09350137646056807 0.9953398967361499 -0.023579282543064108 -0.02158920848505144 0.9579394946989614 0.09639127174221239 0.27029733115185967 1.2216998252281834
0.2709869515248295 -0.000442845197278821 -0.9625829190212182 -0.49508205908777864 -0.08744215426933839 0.9958539641559225 -0.025074922366139996 -0.022408416097209196 0.9586031200450044 0.0909653008738058 0.2698247065724739 1.2261982862665515
0.27066545285044136 -0.00041688991480571657 -0.9626733811818329 -0.5078532186285156 -0.08769277932989172 0.9958316225157451 -0.025086969746334772 -0.023126550973024802 0.9586710536397062 0.09120968040977659 0.26950065883571156 1.2307918145253547
0.27151242502608147 0.0020015993409968087 -0.9624328530638034 -0.5231000272329018 -0.08934404824220202 0.9957321211678014 -0.023134042412902435 -0.023523307426802368 0.9582790011787545 0.09226882721019627 0.27053247388271895 1.2347226069706458
0.2704637931147813 0.007233564410131118 -0.9627029719284591 -0.5392094315144008 -0.0933620207544427 0.9954556661767562 -0.018749660189819592 -0.02405129659679525 0.9581925013767387 0.09495099906010064 0.2699100555423559 1.2406459960379888
0.27028013104521265 0.01280050103261892 -0.9626966281936874 -0.553898929608874 -0.10077985391433411 0.9947946559126043 -0.01506697092067961 -0.025063779941997502 0.9574925962153378 0.10109272842807789 0.27016326258723516 1.2457151921907745
0.27046889568378263 0.0050306695048396265 -0.9627155700579099 -0.5696870351988983 -0.09927659223628738 0.994801083093983 -0.022692803021749624 -0.02567411822515095 0.9575963318129124 0.10171281846142663 0.26956217809456956 1.2511509239885146
0.26749114663649143 -0.011489877976912677 -0.963491810642503 -0.5840184531212784 -0.09189300282580888 0.9950670995693945 -0.037378381267841855 -0.026576883373804677 0.9591684745146452 0.09853654174276652 0.2651158000546661 1.2571558151012263
0.2660122283209228 -0.02138522451534374 -0.9637324143952842 -0.5982895854509223 -0.08819975841068628 0.9950203785231099 -0.04642465874962451 -0.02744726446692834 0.9599261935169986 0.09735049304523784 0.2628014164798506 1.2618783518335122
0.2633673386208485 -0.01361028340273649 -0.9645996087151741 -0.6134145230519271 -0.08810221083776153 0.995382557015015 -0.03809941778746954 -0.02807721485603016 0.9606641688921632 0.0950175003667365 0.26095215889275164 1.2666921945843175
0.26156181177693455 0.004687797777554035 -0.9651753432262776 -0.6298653165781957 -0.08594570759004712 0.996128916830797 -0.018453086472031 -0.02872522943558694 0.9613525648620356 0.08777930055255011 0.26095218034669126 1.2713417588259301
0.2591273983380874 0.01967983678627832 -0.965642633407721 -0.6467158671822102 -0.08673072007801925 0.9962273619248527 -0.0029707822188595728 -0.029888205416470904 0.9619411487327504 0.08452069200088874 0.25985665086429677 1.277163197617906
0.2587885114796061 0.01453416323161833 -0.9658246551136107 -0.6649910107347385 -0.08950495761278919 0.9959457576068234 -0.008995024608003744 -0.03045881148720028 0.9617782326965524 0.08877390384635839 0.2590401997894834 1.2808542436278814
0.25636114128581117 -0.0007939051399630278 -0.9665807441457045 -0.6846955423471386 -0.09474950858264612 0.9951629356188224 -0.025947296465513723 -0.030833197393780317 0.961925930548701 0.09823492904843453 0.2550458838187085 1.2861854774049006
0.24315306077674484 -0.012755630963736284 -0.9699040586128178 -0.7400695998382463 -0.09369057033540185 0.9949293983900007 -0.036572793843692185 -0.032073154475745734 0.9654525705932572 0.09976365118630683 0.24072504613531537 1.3076999044721096
0.2327813482130489 -0.0174202538151242 -0.9723730655880646 -0.7690274429149435 -0.09457190319804927 0.9946954941806107 -0.04046021480768737 -0.033113806914071425 0.9679199342144035 0.10137755478310817 0.22989909163931976 1.3150752917309427
0.22184392136758938 -0.018338335899962505 -0.9749097291486375 -0.7894945940894202 -0.10544037766214939 0.9935092430434703 -0.042681503554218264 -0.034316100425529295 0.969364534791074 0.11226348214626893 0.21847038532872304 1.3267822939583647
0.2057704981588774 -0.02043974079866091 -0.9783867942094934 -0.8109436084276338 -0.12004530661361335 0.9917037387568916 -0.04596540977345084 -0.03555856065392528 0.9712093628294013 0.12690906796474916 0.20160967739875033 1.341911299089968
0.20337518319931772 -0.019012295033609263 -0.9789162719539387 -0.825595643950632 -0.1257769977395781 0.9910201628057148 -0.04537822993625229 -0.03621842515701279 0.9709885075006103 0.13235395555133322 0.19915759777536501 1.3465491211160459
0.20131209870973374 -0.014466859956981718 -0.9794203126727902 -0.8397683233880007 -0.1256607872735605 0.9912474637976819 -0.04047013783578182 -0.0374229313926718 0.9714333767453494 0.13122185594497346 0.19773219026624303 1.3502315530142732
0.1986144254457402 -0.015108018437669679 -0.9799612532053215 -0.8544340209328248 -0.12490053059918166 0.9913383285073581 -0.04059773255090824 -0.03856378932668979 0.9720865020464493 0.13046097581698254 0.19500709301966376 1.3537063953905681
0.19665495188926768 -0.0179136697818458 -0.980309099382626 -0.8687182211598043 -0.1230160838246255 0.991481512868864 -0.04279547592580395 -0.03984828343441337 0.9727249729588948 0.12900972860296397 0.1927760797088361 1.3559060614574923
0.19049295833732674 -0.023966121477621543 -0.9813959740314874 -0.8809856495423772 -0.11818142122555786 0.991871438728795 -0.047161432454621975 -0.04043148446424693 0.9745489133445282 0.12496669178378923 0.18611217435626048 1.3588596329255473
0.17634562926783767 -0.029016299964690493 -0.983900540387334 -0.896413961364343 -0.11862906434067444 0.991653262010971 -0.05050696027925977 -0.04081150678840735 0.9771537054792285 0.12562588220328555 0.17143154198939042 1.3660331807626584
0.163904387713558 -0.029517779563302204 -0.986034508715539 -0.9136598478571918 -0.11740505005239267 0.9918642156895999 -0.049208046665604264 -0.03994136645560512 0.979464856904238 0.12383084560844072 0.15910536058052865 1.3719980826445064
0.15736175372809796 -0.0209233152067641 -0.9873193471943991 -0.9310785749183565 -0.11642015079235275 0.9924108275232104 -0.03958658742777831 -0.04144179994768551 0.980654693025585 0.12117328210232543 0.1537316127263592 1.3737304680769624
0.15160632554775955 -0.012786566911484078 -0.988358247681742 -0.9541651436070377 -0.11368489622709124 0.9930551450494085 -0.030285693994506133 -0.04278048685194949 0.9818814930650965 0.1169529076060598 0.1490998020748066 1.3760585146941775
0.14382714299996383 -0.010603790588651237 -0.9895460133625007 -0.9727622503114063 -0.12073452438337925 0.9922847263963658 -0.02818149006713173 -0.043504346893066786 0.9822102257451752 0.12352563048062837 0.14143723362670954 1.3795273552514389
0.13703750562492825 -0.015332855582883251 -0.9904471846553812 -0.9916486950995032 -0.12225587523361281 0.9919738087502836 -0.03227171709584795 -0.04443805201208432 0.9829924837062399 0.12551042304576007 0.1340630847172837 1.3823067987895563
0.12851072288079268 -0.024791056744532806 -0.9913982033522876 -1.0079602402477839 -0.12322944137807394 0.9915404423418472 -0.04076832076719662 -0.046085641405664145 0.9840221028423625 0.12740861315475738 0.12436859093709199 1.3848282125571472
0.1195143512592476 -0.0325052292249908 -0.9923002216648499 -1.021148174667874 -0.12023551373476835 0.9916338695502682 -0.046964774008757176 -0.0466215727606699 0.9855251093097621 0.12492269142869186 0.11460619567106561 1.3872936601650268
0.11541676524841572 -0.03200023051309453 -0.9928015690694183 -1.0356484854658417 -0.12038210987268783 0.9916632359962505 -0.04595839418474565 -0.047370273730952615 0.9859954958934617 0.12481991676230687 0.11060230764888594 1.3875363926424635
0.10508854419092853 -0.02861013842130179 -0.9940512350273216 -1.055065024404859 -0.13031773530086094 0.9905700955347496 -0.04228680288609292 -0.04889708660379628 0.9858872581314191 0.13398636427557306 0.10036916081310872 1.3928049751112312
0.09386753928468167 -0.031015514600326824 -0.9951014636320831 -1.0715712929557295 -0.13518843784945833 0.9898599602157148 -0.04360441988562989 -0.04973344133636698 0.9863635087230586 0.13861925196673142 0.08872277973396783 1.396558901709942
0.08287329591827863 -0.037601359508190144 -0.9958504679854177 -1.0905490876597268 -0.1378820239446986 0.9892444298099793 -0.04882627942858163 -0.05085360898254937 0.9869754628644807 0.1413562727757785 0.07679739481509074 1.3992908920392417
0.07259020992558624 -0.0412475496609436 -0.9965085554424131 -1.107530211041295 -0.13529562673999893 0.9895014534566994 -0.05081305926733462 -0.05155795445229138 0.9881425781778614 0.13851178019952978 0.06624750514522887 1.4012289020887951
0.05817481165451801 -0.039393021215212765 -0.9975288873854715 -1.1269462243909787 -0.13948187639410556 0.9890993272268557 -0.0471945657566244 -0.053523095535291165 0.9885142879324211 0.14188273594385883 0.05204605455310303 1.407212169065758
0.04553562309223269 -0.03364514293565622 -0.9983959692358733 -1.1455006932767087 -0.14803607479074346 0.9881705995108354 -0.04005230109420917 -0.055076456069211764 0.987933108864235 0.14962242685918156 0.0400162690741838 1.410830952293552
0.034911675469526976 -0.02936251483784917 -0.9989589669442407 -1.161423154485527 -0.1518953650888401 0.9877997566518155 -0.03434295885822356 -0.05584195394786327 0.9877798200917245 0.15293620722708817 0.03002571462188512 1.4121761308329528
0.02394506061670394 -0.028195086570956516 -0.9993156013819235 -1.1762280632286604 -0.14755817219831838 0.98855395365238 -0.031427162387576986 -0.05593366150633946 0.9887634802568079 0.14820970889756205 0.01951056890370564 1.4130940167842618
0.015935984771477348 -0.027501000534600244 -0.9994947420366733 -1.19393257224573 -0.14633159724522687 0.988794452739682 -0.02953970004737278 -0.056280853972573076 0.9891072277751414 0.14672840625054187 0.01173314800691168 1.4132710462138864
0.011215586997080109 -0.031094814136513972 -0.9994535122466295 -1.2117336775917935 -0.1406749138522586 0.9895267060986704 -0.03236458759463504 -0.05608513874100834 0.989992312708019 0.14096102458242465 0.006723862558278344 1.41238125028038
0.0046305596533703355 -0.03743634472617335 -0.9992882857368222 -1.228122831359654 -0.1436316261134954 0.9889123674603996 -0.03771320012749354 -0.056620168976722104 0.9896203887841494 0.14370403465945733 -0.0007978253592839575 1.4126744116589007
0.00020474998110049753 -0.04598550699796494 -0.9989420860207975 -1.2445165432944931 -0.14907674847426292 0.9877781523825528 -0.04550213995019422 -0.05716637984645611 0.9888256070419029 0.1489283546603733 -0.0066531223021646406 1.4119211702432557
-0.004608497204639124 -0.04906642574597196 -0.9987848855574594 -1.2591798536312657 -0.15004777366724853 0.9875215642770712 -0.047820766464623576 -0.057892160730247756 0.9886680066488539 0.149645066581819 -0.011913298313483594 1.4116488292667322
-0.009069823965336551 -0.04352535117310044 -0.9990111521392008 -1.2738203253363138 -0.15069386166315027 0.9877020949472411 -0.041664513604192745 -0.05852192989263163 0.9885388704296287 0.15016695855641823 -0.015517287379884257 1.4110475534693414
-0.013324006955799059 -0.03436261134776562 -0.9993206101046859 -1.2892647106399433 -0.15189449973276395 0.9878803780157112 -0.03194400855347765 -0.059099706094575356 0.9883069016199253 0.15136568195232966 -0.01838201668835842 1.410831830077377
-0.018673273699061795 -0.027850718273014313 -0.9994376650602251 -1.3072325328201029 -0.15346567772604341 0.9878462183192145 -0.024660387517409933 -0.05994854445225346 0.987977527380784 0.15291888844776483 -0.022720452162182544 1.4118005010705736
-0.02806784128301965 -0.03185924550277887 -0.9990981857463774 -1.3243041628612662 -0.1514504148683237 0.9880890752093884 -0.027253463781036255 -0.061160137381570764 0.9880662771909208 0.15054888882966028 -0.032558623285249916 1.4132954024384858
-0.032185859024527766 -0.04141886785532161 -0.9986233263170025 -1.338895496824982 -0.14118659043709317 0.9893105682413531 -0.036482135994422654 -0.06210937376985371 0.9894596591875807 0.13981801368761668 -0.037689599213148524 1.413106463893302
-0.04024390915428196 -0.04519222309689488 -0.9981673661002648 -1.3529590719415725 -0.13999956880567418 0.9893772868555822 -0.039149776353235674 -0.06336718197461073 0.9893333859272156 0.13816746080696315 -0.046143301398460665 1.4131712129188427
-0.04825236490952281 -0.04466334807596256 -0.9978361060912164 -1.3690051564730346 -0.146462308955063 0.9885179033012396 -0.03716378490505628 -0.06451691077261565 0.9880387144926012 0.1443521395461916 -0.05423982367455651 1.4138055633629862
-0.05665619377582559 -0.038689676913166035 -0.9976438165032591 -1.3870470383051603 -0.14668078624822178 0.9887284314418138 -0.030013926837562446 -0.06594059713902554 0.9875600349611365 0.14463470454549307 -0.06169262183274795 1.4134914141561041
-0.07801789608484011 -0.032835500594810725 -0.9964110787176046 -1.4396712863331087 -0.13272805036496038 0.9909024623144109 -0.022261509956668993 -0.06763098029582067 0.9880771592020601 0.13051490366974441 -0.08166631731176428 1.4111957575704093
-0.09341042671982214 -0.05066883317318215 -0.9943375490872735 -1.4814273053233378 -0.11942897710136778 0.9920633019262989 -0.03933350225453103 -0.06903147063809437 0.9884387748406795 0.11507855715099402 -0.09872038328280401 1.4057969663913032
-0.09872091832050624 -0.053661796224037404 -0.9936672440570651 -1.4980866930014252 -0.10820365734806767 0.9932032519830697 -0.04288669708375806 -0.06966760653782422 0.9892149153861662 0.10328461587410806 -0.10385633972598905 1.4026033999785064
-0.105523174722241 -0.046104489529476746 -0.9933474898754027 -1.5115629520493454 -0.1115655676846306 0.9931668729826147 -0.03424451075921635 -0.0703802297309888 0.9881386459924273 0.10720978712393033 -0.1099457950132521 1.40086489621096
-0.11006886499003295 -0.0350945360694097 -0.9933041923287529 -1.5287068302360833 -0.11911928555693269 0.9926390284626188 -0.02187132783329646 -0.07059257438517541 0.9867600725445947 0.11591433350047188 -0.11343908727122932 1.3973355197061164
-0.11436721005758586 -0.029291958480977622 -0.9930066074462898 -1.5529960437752186 -0.1256987208412538 0.9919582982819923 -0.014783979449512158 -0.07206198847913031 0.9854541962174187 0.12312885785972298 -0.11712946477997578 1.3928002533321742
-0.11676147990826809 -0.03195184516426214 -0.9926458766348789 -1.5762516223940128 -0.12242325650458397 0.9923229572792576 -0.017541229243094297 -0.07303632603712694 0.9855857664741544 0.11947480088765618 -0.11977674597521418 1.3863304700270702
-0.1182787224263245 -0.043976801955045754 -0.9920061414683884 -1.5990928414280854 -0.1253714380066689 0.9916855205821805 -0.029014320598403406 -0.07344928083636365 0.9850340838536191 0.12093745969489261 -0.12280873132318319 1.382830235416641
-0.11901290005242353 -0.053701608402766075 -0.991439391428475 -1.6171508766477776 -0.13298819358615296 0.9904010565695214 -0.037681394781312834 -0.0739951412426825 0.9839461723020249 0.12736516164528416 -0.12501218185147772 1.3784229548090576
-0.11830717081937633 -0.05705827275524578 -0.9913363540407967 -1.6349996427926043 -0.133111536709433 0.990248095220672 -0.04110995872877458 -0.07506887509132566 0.9840145995500122 0.12709470257259503 -0.12474856492327059 1.3737220885874295
-0.12083919081372975 -0.05128287984933888 -0.991346536886995 -1.6503637145948293 -0.12809424390734647 0.9911207912618973 -0.035657282652952524 -0.07614569030358836 0.98437277219623 0.12267698791030744 -0.12633527613444345 1.3710703160874658
