1.0 0.0 0.0 0.0 0.0 1.0 0.0 0.0 0.0 0.0 1.0 0.0
0.9999751689645154 -0.0030745539759332616 -0.0063410229646088815 0.0017176312341887013 0.0030521654120204324 0.9999890854505472 -0.0035374095148759 0.0015518486603951652 0.006351829711688624 0.0035179678263652977 0.999973638733385 0.05995695211001126
0.9999294265942521 -0.0008825095251521112 -0.011847489515840394 0.00048138550859950645 0.000814768555874873 0.999983300965917 -0.005721358362197629 0.0018039496803182234 0.011852340827460638 0.005711301624528903 0.9999134477796882 0.12268518507687233
0.9998232843308701 0.00022964179420763124 -0.018797536393854012 0.0058437345153612204 -0.00040084133550288245 0.9999584747432095 -0.009104291046400825 0.003946114641511795 0.018794665095597376 0.009110217005108834 0.9997818584621667 0.1941845266685019
0.9996854307331976 0.00178326214885415 -0.025017185211165426 0.00105235134155023 -0.002009578664868591 0.9999572616120271 -0.009024219798161691 0.002682988769457971 0.02500002346740891 0.009071655057611682 0.9996462893949764 0.2687749463942981
0.999631014978453 0.0024889087822140455 -0.027048830403947875 -0.003865474057607869 -0.0027861712579919772 0.9999360807684057 -0.010957719983704909 0.0036719438871250787 0.02701982869799247 0.011029039422994335 0.9995740538582109 0.34495079211481555
0.999575762873359 0.00595405173804229 -0.02851041115177006 -0.01163879875130502 -0.00636189794801863 0.9998784254345875 -0.014235891434986948 0.006919590660969824 0.02842218377678353 0.014411232367512945 0.9994921189539258 0.42917450364148546
0.9993951860517172 0.009192340413271731 -0.03353748610704049 -0.011851829178849636 -0.009707814402924725 0.9998367406713782 -0.015239761912621793 0.0039294045813812635 0.033391921720257005 0.015556120382716273 0.9993212629992754 0.5174410715816748
0.9991922779993823 0.010901667772651103 -0.03867745113344232 -0.01300161385460839 -0.011524632816287763 0.9998068425419427 -0.01592044109817522 0.0069490359524423395 0.03849642093565093 0.016353325230223432 0.9991249142770188 0.6230873191503323
0.9990982705615634 0.010339826881734742 -0.04117928776640724 -0.02141535229155237 -0.010981959448722415 0.9998211328628436 -0.015398014402070523 0.008865414266700063 0.0410127093418545 0.015836358827568568 0.9990331162736926 0.7212793178882557
0.9990090688913551 0.012200991635040898 -0.04280205691259476 -0.02731353265097715 -0.01291041733033904 0.999783180420419 -0.01633748061325056 0.012678400648078873 0.04259344312430988 0.01687388371281247 0.9989499840588933 0.8126381135689082
0.9988761630296984 0.01359307522916794 -0.045405277632468384 -0.03344881282003119 -0.014521018636707208 0.9996911085248277 -0.020169966637397087 0.016400749978872184 0.04511708045540796 0.020806629765906106 0.9987650039969189 0.8989131760997962
0.9987599228242233 0.013232578422264364 -0.047994952114257985 -0.04064951464097665 -0.014248256278186086 0.9996804103795166 -0.020882152582351578 0.013824139672651949 0.04770328870405504 0.021540101479336278 0.9986292706881158 0.9818721779384135
0.9987633676067089 0.010298308199916215 -0.04863826040397773 -0.04861337626418937 -0.011427636331860216 0.9996701913972458 -0.022998207748894266 0.013563390947424885 0.04838537645582973 0.023525587771915258 0.9985516521768987 1.0710722769630086
0.99871229464695 0.010574523868647158 -0.04961785934494532 -0.054766461379444985 -0.011729653545131623 0.9996655607263724 -0.023047384349182645 0.012252138803639168 0.049357550068196775 0.023599706408749622 0.9985023215339496 1.1484970591205255
0.9985858092451074 0.01076697875379433 -0.052062018236028886 -0.050222956836558134 -0.012038252462869135 0.9996354557616512 -0.02416683806036593 0.009710256336478323 0.05178283549530184 0.024759397260657734 0.9983513961503514 1.2455605989608585
0.9984907801493834 0.012725304180922497 -0.05342498095626926 -0.056771247092395526 -0.014190805373067975 0.9995308598145957 -0.02714187394338879 0.007704972513399731 0.053054528548828354 0.02785905439526075 0.9982029303146047 1.3254862614818808
0.998700409568185 0.013656642183929667 -0.049101813129439516 -0.06747943032202472 -0.01517014326662863 0.9994170622084644 -0.030584350898328318 0.005538450529293932 0.048655510290287245 0.031289485308362376 0.9983254025754977 1.4027042995632995
0.9986247345344719 0.01743260765078139 -0.04944435019745264 -0.07606789260395795 -0.01903574302207924 0.999302099270852 -0.03213961543742277 0.002407164746615592 0.04884956564343004 0.033036624878488706 0.9982596362435407 1.4713209199332604
0.9987014480887288 0.019543569119768903 -0.047047491872954254 -0.08470690312178586 -0.02116808818163213 0.9991879849072619 -0.03428239868649538 0.0033017330890125754 0.046339288171157 0.03523378666884938 0.9983041874342531 1.5552752656278697
0.9987881604085944 0.019594489019795994 -0.04514716633043611 -0.08888788210262535 -0.0211531136930113 0.9991874205889815 -0.03430807948323754 0.0005846976673567613 0.04443823138588565 0.03522150673651966 0.9983910501674699 1.6381231624428538
0.9985509196618035 0.020715316998879418 -0.04966826435664235 -0.0733325727570951 -0.022411960690251472 0.9991756190000941 -0.0338494669647435 -0.007336064399333248 0.048926116344790736 0.03491357955602054 0.9981920041264613 1.7598031274594905
0.998681346701584 0.023314764955225057 -0.04573827156104418 -0.08166877848797428 -0.025038964480712415 0.9989831250968965 -0.03749354650299624 -0.004769540124804475 0.04481760823652732 0.038589344471256934 0.9982495902755162 1.8481969933534694
0.9984762615716832 0.02544063334921354 -0.04896865581803461 -0.07491939937600031 -0.027331201031223665 0.9988911659700307 -0.03833332750001865 -0.01166820723498243 0.047939133576078485 0.039613289712213104 0.9980644401791657 1.940020841559852
0.9982772962785199 0.02523949069867345 -0.05296610089593265 -0.06615927765848487 -0.027318548473979264 0.9988694957069653 -0.038902794955997994 -0.020332558660071574 0.05192433576004022 0.04028273396115451 0.9978382457595489 2.0412645592620313
0.9982551823781604 0.0265763723665048 -0.05272842958955756 -0.07136497437502994 -0.02865325246769919 0.9988270879955006 -0.03903126195053761 -0.022005822787747698 0.05162927442998154 0.040474000522138565 0.9978458163982891 2.129348575815103
0.9983342017461325 0.028922577383868008 -0.0499230021271237 -0.08087590632799052 -0.030791617999606977 0.9988376347279438 -0.03708444029580888 -0.024220204338354825 0.04879239576898146 0.038559875110810396 0.9980643456944859 2.2098863797626023
0.9983772167082245 0.03277957146778447 -0.04656643482515623 -0.08802256710972822 -0.03447522808997062 0.9987537237325617 -0.03608958268651537 -0.023379468180248865 0.045325399127659365 0.03763640557665847 0.998263046080134 2.3010024883756417
0.9986532887388212 0.03202797244740896 -0.04081443215386363 -0.09740062365115902 -0.03344251885042646 0.9988463951272825 -0.03445978633381308 -0.025642247960076144 0.03966367133881084 0.03577831636817449 0.9985723335110911 2.382471401974319
0.9988456418255974 0.031848827696957446 -0.03595880949555706 -0.10689800915549785 -0.03310210057116424 0.9988454894747745 -0.03481291561583801 -0.02871023616676554 0.03480854412044237 0.03596304117046328 0.9987467271165333 2.471621403105443
0.998936168961062 0.036115758768758756 -0.028673721592283027 -0.11445643132214608 -0.03726813720244818 0.998475017947186 -0.04072744142254842 -0.027683761293363758 0.027159092231781954 0.04175273049663253 0.9987587762844546 2.5574322008848656
0.9987175823139421 0.04074568829065458 -0.03004962000946446 -0.09474999828373036 -0.04207702473005389 0.9980963922410708 -0.045090085220878845 -0.03952919183978416 0.028155190762252605 0.046296659502392645 0.9985308731091197 2.681457012481369
0.9987527435166069 0.04202132542626467 -0.026966006887721838 -0.09969618492001718 -0.04333695076084648 0.9977977234811799 -0.050215652087050804 -0.0417936867499794 0.024796492026104615 0.05132164480212721 0.9983742899123573 2.7653944308414373
0.9989944800971902 0.03705368172123577 -0.025239916922287046 -0.1065856068398045 -0.03831225254975747 0.9979453395927079 -0.05135436193508079 -0.04079129931480345 0.023285189282163842 0.052269722173520466 0.9983614957038341 2.8759135886126455
0.9990538386259615 0.0356721509081905 -0.024878206854843325 -0.1039571140596232 -0.03679363843407537 0.9982552230708734 -0.046181574058321566 -0.050396304348339346 0.023187403854498734 0.047053238584660456 0.9986232207600542 2.9769630768686435
0.999150413863849 0.0332459268696156 -0.024354852130069226 -0.10595017905915224 -0.0342956766296146 0.9984412012146627 -0.04403378568257947 -0.05435404774592462 0.02285294379755647 0.04483164132175616 0.9987331309695215 3.063788690014365
0.9993664142206072 0.02556197102730296 -0.02476602037153339 -0.10842721540224111 -0.026674423061481524 0.9985998713484504 -0.04568120069783732 -0.058771411900976255 0.023563643228095867 0.04631287704362905 0.998649023500129 3.1550097848510905
0.9993843940809363 0.024130885815514903 -0.02546631534472007 -0.1137439803401106 -0.025396972965776646 0.99839485479722 -0.050623193089872766 -0.06375171006951127 0.024203855718743582 0.05123879647491245 0.9983930884697415 3.244088980053188
0.9992688306709112 0.025982464289613667 -0.02804845092027032 -0.11082254732216706 -0.02751688631808059 0.9980636924801212 -0.055782494747949773 -0.06896030004985154 0.026544773816058315 0.056513514334061286 0.9980488954358242 3.345911880736368
0.9992456286978804 0.026185756516010277 -0.02867890660154564 -0.12530931813201943 -0.027792279677225168 0.9979797701911461 -0.05713114281695183 -0.07458272613803014 0.027124946424257772 0.057885096915460524 0.9979546847610714 3.4596932370988176
0.9994074082691604 0.023184797772703884 -0.025442040974662832 -0.1564000639331347 -0.02465002535793 0.9979609903029266 -0.05887476610107518 -0.07426427731238242 0.024025164860433507 0.05946702435671145 0.9979411127253892 3.5775405429834692
0.9995047311435522 0.0232016781010302 -0.021259693199788852 -0.19281348321185607 -0.02436204023154654 0.9981305239586257 -0.05605308321436815 -0.08250289459719556 0.01991942311939486 0.056543251368987746 0.9982014212107769 3.698693228511728
0.9995646874764618 0.020904626924177844 -0.020819032716274066 -0.21291475801134407 -0.022026115325452986 0.9982333500903162 -0.055181781514693024 -0.0896712873538762 0.019628698218430014 0.05561632260970152 0.9982592543350772 3.813529405290592
0.9995475777467927 0.02201929304794098 -0.020488790940054947 -0.22114153257069083 -0.023071964362712746 0.9983467151873716 -0.05264523468494096 -0.09783012630047344 0.01929570628305932 0.053094133463648156 0.9984030692614997 3.9067996596475307
0.9995649761772964 0.019912952851386716 -0.021756210800963384 -0.23112321685891843 -0.021005387730211374 0.9984677502543636 -0.051194974248411775 -0.10013446281800151 0.020703431744061057 0.05162970085842548 0.9984516722922993 4.048276638075697
0.9994205612653231 0.025572595854998836 -0.022462948634149705 -0.2345188725339624 -0.026691591761903423 0.9983411291749867 -0.05101518133684184 -0.10271109635751992 0.02112109488922025 0.05158519301943004 0.9984452249431758 4.159140390126208
0.9995175275110367 0.02248894488029465 -0.021423341391853486 -0.24266345670879447 -0.023586209066991607 0.998346401654083 -0.05242282943713787 -0.10610021921175528 0.020208981668283044 0.05290283227312261 0.9983951559364725 4.275864773779565
0.9995077303868934 0.021617712125185595 -0.022737005504478536 -0.2437093001080418 -0.022875862257397822 0.9981340495405094 -0.056613726902994675 -0.10718055549401678 0.021470720128087244 0.057105986291621745 0.9981372222830099 4.380432743285838
0.9994790477330181 0.023170012390726132 -0.02246739122617305 -0.2495416352221577 -0.024487078255763562 0.9978837739003931 -0.060235843023966416 -0.11007192877112744 0.021024179917239077 0.060754623792147654 0.9979312899927943 4.482413410574148
0.9995158494982257 0.02267990153434299 -0.021299968737764054 -0.25372042398160555 -0.023946489124046805 0.997836794584582 -0.06122333731349126 -0.11536135063598764 0.01986535326816852 0.06170375547373204 0.9978967954152219 4.5755774137085785
0.999619903773859 0.02016126074225992 -0.018803498196357588 -0.2595018255594394 -0.021253324915914383 0.9979834836725439 -0.05981022067200798 -0.12242071543057395 0.01755973118121095 0.0601871238895689 0.9980326477419192 4.673622701960546
0.9995883495743598 0.02037577652474685 -0.02019799807451349 -0.259591216549357 -0.021537084056482914 0.9980225474323247 -0.0590520857128635 -0.13200028010657663 0.018954825389553714 0.05946278287894834 0.9980505458376059 4.772085378907045
0.9994926877009273 0.02385268437944539 -0.021104897068410837 -0.25901967107204604 -0.025139871278514855 0.9976976106770779 -0.06298781248266716 -0.1402007033831878 0.019553876967838484 0.06348643238634916 0.9977911198233731 4.883018118579537
0.9994251704778921 0.026512577179248095 -0.021128461054880695 -0.26108403980832756 -0.027902682665021182 0.9972630178371952 -0.06846833979546588 -0.1474084710863646 0.01925536069068376 0.06901852291643631 0.9974295336409014 4.995569423185577
0.9993720930835265 0.027760719576570354 -0.02201731169873341 -0.26191138277189324 -0.029234453917550834 0.997138911520749 -0.06970895089843855 -0.15661655973938254 0.020019147584019712 0.07030884425027428 0.9973243705787003 5.095692059707519
0.9994333341124912 0.026291029962667713 -0.021018858396416443 -0.267748516390403 -0.027643309767417388 0.997378685545654 -0.06687006089670061 -0.1634341561526396 0.019205678584447612 0.06741319872790444 0.99754027615299 5.187628500322214
0.9996511809565276 0.021374863463831908 -0.015512305570711149 -0.2889264248815037 -0.022299912534151686 0.9978184207965763 -0.062137854967789743 -0.17473310096096958 0.014150276081609155 0.06246210315808634 0.9979470203151484 5.275310342215895
0.999738785616656 0.01877019674467667 -0.013039948155454015 -0.300372545052195 -0.019534178713691067 0.9979363805638359 -0.0611669535708226 -0.1819160479400272 0.011864922912197122 0.061405700560450464 0.9980423656052725 5.353485097606638
0.9998864527922067 0.012511632719875066 -0.008398843330962372 -0.32114348758599065 -0.013001325518175146 0.9980511163233834 -0.061032243449028634 -0.1924361976140168 0.007618861948188066 0.06113450950432164 0.9981004582156452 5.438935083205326
0.9999212218937951 0.010883166957808 -0.006253533671840782 -0.32301145673257065 -0.011254015369207882 0.9979693116016252 -0.06269449927585996 -0.1985776134036412 0.005558519990609294 0.06275993768599232 0.998013172797416 5.523369007621431
0.9999429330472015 0.00963332039187188 -0.004618418255642636 -0.3282011767948083 -0.009897679070184615 0.9980813639575947 -0.06111977478340115 -0.20605414393809435 0.0040207708191510524 0.06116199848580477 0.9981197540091282 5.611169348119311
0.9999773034511374 0.00627082226861546 -0.002463609275799716 -0.3313779231008373 -0.0063997969121153755 0.9983879555074512 -0.05639621350000251 -0.21375978241061638 0.00210598719655362 0.056410700099623054 0.9984054275354269 5.696592748347621
0.9999824158553087 0.005177348047903846 -0.002891893388036899 -0.3322292289416777 -0.005322595402418991 0.998595823410151 -0.052707223850126196 -0.21977294221286756 0.0026149490165303275 0.05272168941712718 0.998605820885621 5.790583377155317
0.9999609829685595 0.008597264503089943 -0.002029675740737433 -0.33325506435079955 -0.008691372390733447 0.9986032580947006 -0.05211518942320537 -0.22395028364081607 0.0015787927394763758 0.0521307967109163 0.9986390175873215 5.888034025528527
0.999940724565646 0.010140938315579195 -0.003963423420100883 -0.3354090359068197 -0.010349254569647205 0.998340388298541 -0.05665123142327547 -0.229151365281123 0.0033823490328501104 0.05668889187486811 0.9983861623905949 5.973284895489927
0.9999189043498177 0.011546551758644228 -0.005372324109897056 -0.3385722406630511 -0.01187398965291003 0.9977790882286849 -0.06554311148594616 -0.23322449960787042 0.004603595722847112 0.06560158714559823 0.9978352763208961 6.053532932251315
0.9998993848109967 0.013300439313661728 -0.004931386078027512 -0.34232664428553883 -0.01361542022806513 0.9974139162380532 -0.07056982376827463 -0.23915373676159038 0.003980023442161605 0.07062986626587743 0.9974946523188303 6.129328149187902
0.9998114088578823 0.018747587568576782 -0.00506701864724837 -0.34147014395981923 -0.019058203448093853 0.9973323744348868 -0.07046218691897158 -0.24594709062301354 0.003732505719229331 0.07054546664691896 0.9975015817213647 6.217129157675868
0.9997904230181033 0.019796544154684417 -0.005216021550032937 -0.3448671339791944 -0.02010611760421683 0.9974738062511741 -0.06813038879738784 -0.25453650869243655 0.003854098618896298 0.06822098417883933 0.9976627903462705 6.296833752038595
0.9997661675965928 0.02086891164731049 -0.005665567568630543 -0.3450720435013767 -0.021199257913879138 0.9975686103582104 -0.06638869701909125 -0.2621530993084506 0.004266332513857897 0.06649327901862412 0.9977777519328804 6.365299655278164
0.9997025565800576 0.021729074435126516 -0.011074551525260306 -0.3276638854726931 -0.022406198569950513 0.9976199514091174 -0.06521038886647544 -0.27520614426023077 0.009631232160884825 0.06543913106594335 0.9978100818755027 6.450505412219311
0.9996634090014983 0.023098641910876412 -0.011811919631129979 -0.33479536497333456 -0.023825195982068312 0.9975615383606943 -0.0655998263706867 -0.2798755212513144 0.010267849819470801 0.0658591673597632 0.997776097796877 6.543782519856956
0.9996284986186491 0.02435467734829855 -0.012235785249892455 -0.3370957730561486 -0.025108981191216687 0.997514774184523 -0.06583171232120733 -0.2855493881083184 0.010602066447647813 0.06611448385084268 0.9977557172034527 6.625584563401659
0.999568768056812 0.026414408672949356 -0.012827974892457695 -0.3384481889575395 -0.027218603555497118 0.9973685862023137 -0.06719412829473859 -0.28941868351800343 0.011019326017129547 0.06751431160324095 0.9976574523266334 6.708907576806317
0.9995665027499736 0.026694944903978137 -0.01241718554088213 -0.3429191207820081 -0.02746474355998858 0.9973999926795687 -0.06662538903438707 -0.29593285209171905 0.010606339678097675 0.06693754192807587 0.997700792341702 6.788901419986962
0.9994483195840117 0.03003799554546704 -0.014169520256583565 -0.3449883198368261 -0.030883739727587307 0.997483434421191 -0.06382000216035028 -0.30637377142441113 0.012216836789033366 0.0642224016906792 0.9978608279815132 6.8737862572880735
0.9993911502874223 0.03127317678913979 -0.015469878496414326 -0.34945751166415256 -0.032164588359558086 0.9976075711012485 -0.061192919011357136 -0.3104723379333186 0.01351917093755373 0.06165324399401487 0.9980060668764372 6.953237006286559
0.9993313005762618 0.03368012510941662 -0.014233792929748417 -0.3637695343593626 -0.034458872890419615 0.9976889404272394 -0.05856077380207009 -0.31927206016348797 0.012228563598183551 0.05901209470768976 0.9981823655577852 7.023053434592756
0.9991728898241512 0.03586749318948981 -0.01915878839469463 -0.36286292553939525 -0.0369993556715406 0.9973642249341379 -0.06241514641030791 -0.3265292561471247 0.01686961529915915 0.06307238503363594 0.9978663689722324 7.098106491196427
0.999060458591527 0.03554220545707545 -0.024798219898430778 -0.3516712272927002 -0.0371603172033726 0.9969814548712242 -0.068169564089884 -0.3358135543134121 0.022300468699752243 0.06902702567912869 0.9973655091397858 7.179818757835201
0.998841334682166 0.03388169554169893 -0.03417629057644157 -0.3391211062413639 -0.036327942591956534 0.9966187398440075 -0.07369781529177762 -0.34141353879565334 0.031563724707031574 0.07485397851126589 0.996694844565604 7.24895629245768
0.9986770815662647 0.033168188286307014 -0.03929323147933225 -0.3385682787051332 -0.03601683633945876 0.996595892794185 -0.07415803372434371 -0.3489106773402835 0.036699785481402486 0.0754751465819598 0.9964720909258072 7.318691833662832
0.9984288187072489 0.03512123005256725 -0.043662262589544476 -0.3386196817426284 -0.03820324392999056 0.9966812066382412 -0.07188243517973356 -0.3522341542085885 0.04099275701961686 0.07343753491054546 0.9964569846903542 7.38404246127048
0.9983251956515775 0.033239408296017646 -0.04734918651219089 -0.34251513402319456 -0.03657823206938645 0.996770519900642 -0.07148820599011493 -0.3551879196058521 0.04482004758937385 0.07310042676440139 0.9963169630900341 7.455747696471889
0.9981489107341773 0.030437868788689506 -0.052652522672457895 -0.3409743868091184 -0.03427264010510575 0.9967037623653167 -0.0735322801703556 -0.3632737920621924 0.050240801550105595 0.07520070631601988 0.9959019608521587 7.5124500820438
0.9982334802930071 0.021190800129183097 -0.05550557460284106 -0.3400224370867629 -0.025628616101778943 0.9964249227588269 -0.08050184682214831 -0.36446746966260485 0.053601239340282075 0.08178216978629255 0.9952078093776353 7.572818342275871
0.9981426117252382 0.018005294336298723 -0.058199106815991906 -0.3382618142114862 -0.022956587765218927 0.9960686244238364 -0.08555869632356138 -0.370104430985191 0.056429794758565376 0.0867358335076848 0.9946318783596438 7.62932361622019
0.9981970970162924 0.01901093082404978 -0.05693101103480351 -0.34023161902973637 -0.023871993385253927 0.9960124923646895 -0.08596070605397185 -0.3743480734279024 0.05506980515723784 0.0871647839593842 0.994670607285275 7.677255198226462
0.9982446762644596 0.022021513619833698 -0.054978352535803014 -0.34567988317475806 -0.02668400993597276 0.995975089662742 -0.08556625728073886 -0.37556233331300465 0.05287277109625034 0.08688310370370145 0.9948144532360874 7.733293641798279
0.9984865348060279 0.018838911768733573 -0.051669480492995704 -0.34726848076752703 -0.023103792865566453 0.9962627170213131 -0.08322748000834732 -0.3787106269599135 0.04990846187042044 0.0842952790889543 0.9951901583903673 7.780764173943008
0.9987562306608313 0.013967402887478098 -0.04786338237883972 -0.3475042627951499 -0.01779930389574722 0.9965882188670449 -0.08059222540817325 -0.3808659643329444 0.046574418912005866 0.08134392215767451 0.9955973030452703 7.833346321539762
0.9989231635230708 0.009000829669523753 -0.04551371707866079 -0.3390235043212167 -0.012487930553924225 0.9969588707749563 -0.07692243868734377 -0.3872012197363261 0.044682938215123445 0.07740797793760014 0.9959977108327488 7.88369087187797
0.9991945906576217 0.011923335095278528 -0.038314541374641575 -0.33610195352396977 -0.014892954823766999 0.9968279823161396 -0.07818039119980838 -0.3902399725505568 0.03726083596969703 0.07868804071613113 0.9962027014373613 7.933111066194724
0.9995247077456743 0.0163525036615591 -0.026133393004335273 -0.335538027159598 -0.018375228949625896 0.9966946080148382 -0.07913412231901383 -0.3944397713742935 0.02475297087157781 0.07957671756330796 0.9965213677864018 7.982750002392581
0.999754611781434 0.020504713861410128 -0.008382895156906206 -0.34061995468780326 -0.021105517644575782 0.9966271522467745 -0.07930243709649168 -0.39811403418651053 0.006728547146634751 0.07945990255437137 0.9968153542855097 8.036792813043576
0.9997675862946518 0.018082658824706017 0.011738434494885317 -0.33797921653528445 -0.017092707146563305 0.996683258773764 -0.07956331467778284 -0.40102296785171987 -0.013138217419545668 0.07934418144982866 0.9967606975162566 8.081419211476929
0.9991306237024535 0.01519874924951613 0.038820030927238694 -0.3376436564228708 -0.012067118783739192 0.9967484367081094 -0.07966767578009995 -0.4041985791531601 -0.03990465416715907 0.07912996866670878 0.9960652923551779 8.121071586657022
0.9977007059196035 0.013288196726774927 0.06645844743349757 -0.33288608603731573 -0.00799543901423642 0.996820247086163 -0.07928094319604401 -0.40624824611577093 -0.06730062676149512 0.07856728852922978 0.9946345091593575 8.161392086322188
0.9949230743826926 0.013615914231154236 0.09971300286590916 -0.3324875287952831 -0.005937474884199565 0.9970210597770917 -0.0769009281671431 -0.4114760192688398 -0.10046304023314494 0.07591846442479219 0.9920401021664882 8.199466993452033
0.9905505057237997 0.013893544811364704 0.13644290022897965 -0.32773858264007016 -0.003359029891904561 0.9970148525619767 -0.07713689576984722 -0.4140847935801615 -0.1371073029729127 0.07594967533437892 0.9876402352517326 8.236619614324418
0.9842327915848718 0.012891092737590816 0.17640757267497673 -0.3177855083570259 0.0008527376921703805 0.9969832082566341 -0.07761285520286287 -0.41672406196790757 -0.17687590228031308 0.07653954652559042 0.9812525735049992 8.282820814759209
0.9752894521969105 0.013519093684856511 0.2205169348131476 -0.3083876568199153 0.0037427261189688396 0.9969717985209138 -0.07767383700562383 -0.4198974030390651 -0.22089924498432434 0.07657980843484713 0.9722854809701927 8.320614557590567
0.9625634618613317 0.015887739089568118 0.2705903945748 -0.29817820961979513 0.00587063681137879 0.9968245859702386 -0.07941209245885898 -0.42352050596048113 -0.2709928366450918 0.07802771656204781 0.9594136531940543 8.362860207479939
0.9461873279951489 0.015842688241008908 0.32323141798206145 -0.2822090901058339 0.010857758385173224 0.9966845890789698 -0.08063460160090791 -0.4281479898988879 -0.32343724186346523 0.07980500687166259 0.9428783121134826 8.40168712065099
0.9261164962216012 0.015141173547480832 0.3769336550240979 -0.2556278011918079 0.016757628939205137 0.9965566106254297 -0.08120408666498703 -0.43231237168023884 -0.3768652508504297 0.08152095854664525 0.9226737863508861 8.445322194609668
0.9008846615642284 0.014247350658840762 0.43382466453338636 -0.23872608847918814 0.023036533541394247 0.9964832230147322 -0.08056366657849355 -0.4362175193055593 -0.4334468187456202 0.082572387935547 0.8973882415487318 8.478150445433005
0.8704719326221393 0.014134037970731506 0.49201508461399357 -0.21753827583382365 0.0291224202399452 0.9963576565422174 -0.08014552320043712 -0.43965670758909997 -0.4913557765575192 0.08409309852981796 0.8668897574797002 8.514092074804196
0.8358049400528641 0.012874720576657906 0.5488755266481617 -0.19168452178933265 0.03708361937395505 0.9961180635205 -0.0798348839937777 -0.4430774265325627 -0.547772678542252 0.0870806815444463 0.8320829571289171 8.549042941593767
0.7968222460335181 0.011521212108170184 0.6041039396475191 -0.1638341977040507 0.044857184016113605 0.9959310457702365 -0.07816127630195457 -0.4464615202567428 -0.6025463810099946 0.08937904532139782 0.7930632036535272 8.583232208552342
0.7556643960173215 0.009549408980042728 0.6548894024031111 -0.1295045787571802 0.052458682223883966 0.995798852742957 -0.07505152586821298 -0.44840218747731675 -0.6528548133016316 0.09106840101783566 0.7519887892016399 8.62056867656275
0.7118589649766174 0.008708942685480274 0.7022684446133939 -0.09441978058736074 0.05619016931240259 0.996011493897814 -0.0693092266303076 -0.45168953329651235 -0.7000710527189803 0.08879897713796482 0.7085303541868846 8.654335435902848
0.6648616222241381 0.008058106834377247 0.7469230818549716 -0.05627105016412575 0.06387801799726558 0.9956654146201505 -0.0676016341964278 -0.45193608184264633 -0.7442302211750255 0.09265769824214475 0.6614649868634337 8.690499433547757
0.6182013398263443 0.005441435853853906 0.786000950516446 -0.021317520783180298 0.07414560828779175 0.9951133817304769 -0.06520572269801309 -0.4538669361523587 -0.7825148766691568 0.0985887837270812 0.6147769672935637 8.712953538239406
0.5714689769826393 0.002710392448799237 0.8206191943399719 0.013921440299755963 0.08322110538932094 0.9946476726447441 -0.06123932494873127 -0.45781085978175073 -0.8163929543817701 0.10328921083622539 0.5681847260888285 8.727993626178284
0.5246793315338748 0.0031511369947267217 0.8512941145084948 0.054256020167623896 0.08731035910453115 0.9945206924023052 -0.0574934220296546 -0.46044408112145596 -0.8468107818481081 0.10449240507942473 0.521529325183652 8.746989612512229
0.4765090090969946 0.006196181387151982 0.8791477529890033 0.09420063480875604 0.0846810409490022 0.9950022907500443 -0.052910894019667476 -0.4647254790112233 -0.8750818736285162 0.09965966455083293 0.47360285652477174 8.765738935344283
0.42747773612800044 0.009271203814730284 0.9039783348591386 0.1576258870645197 0.09539380855545966 0.993902166042509 -0.0553037577863941 -0.45896664408978266 -0.8989787574821579 0.10987506139173497 0.4239866324307879 8.808964171119447
0.38396742711380716 0.007966797306184104 0.9233122684424163 0.2023502057479581 0.10321001448969501 0.9933258773986069 -0.05149169058525736 -0.45979828105039205 -0.9175601930253082 0.11506620455621658 0.3805825281649014 8.823962032889424
0.34485237422485143 0.0017107503832708617 0.9386553751641784 0.243216834656919 0.11720023603907782 0.9920943093659957 -0.04486631248493247 -0.45913068574089405 -0.9313114112174662 0.12548288591173404 0.3419255776911055 8.83184877918629
0.31142612218684645 -0.0008626405746070549 0.9502699754653399 0.2836751255218643 0.12572387771016957 0.9912462786692181 -0.040302873321245755 -0.457061278014539 -0.9419168100173088 0.13202299373847368 0.30880843921620726 8.837220517749312
0.2796578379359194 0.003921638191843829 0.9600917218864531 0.33752317475754834 0.12548746915737266 0.9912640580583133 -0.040601259663287405 -0.4560238453973185 -0.9518636397958932 0.1318339408333851 0.27672264684852893 8.84744765509753
0.2486292005770944 0.013165760239799788 0.9685092582818703 0.40811139381010486 0.1148698585962377 0.9924503260722888 -0.042979830910455145 -0.4541979667892457 -0.9617631913347886 0.1219385625481908 0.2452397821667727 8.86210672420246
0.22167959510933502 0.01823492834825703 0.9749490471303055 0.4626574580951804 0.11345609873431874 0.9925521586282006 -0.044361312677728935 -0.4550182346783682 -0.9684967066398067 0.12044791318506362 0.21795969681850347 8.870032074191682
0.19727094665799044 0.023740179447326853 0.9800615171939283 0.5679845900388123 0.12138002524863002 0.9914230936091479 -0.04844727989383712 -0.4481402555473718 -0.9728057684220961 0.12851713246987165 0.1926973886341471 8.886678720503667
0.1749311569721923 0.027710218326598347 0.9841906492751584 0.6365506319097476 0.12625660278409 0.9907197656821094 -0.05033503889151117 -0.4465102798020311 -0.9764519243535718 0.13306573445888176 0.16980915681766937 8.894829404497129
0.15346830811374707 0.03600420406348425 0.9874974307280271 0.710393015037981 0.1369556883048167 0.9889161834804701 -0.05734040016758443 -0.4442136456385557 -0.9786166858610477 0.14404332452487956 0.14683631299567046 8.912746875837824
0.13419851481737954 0.046728216587583186 0.9898521265296898 0.7991208957909982 0.1410451718882959 0.9878171076033184 -0.06575425015326943 -0.43557501993291337 -0.9808654434262698 0.14843798604387476 0.12597279941093611 8.91943213886423
0.11737730791434631 0.04717626273772133 0.9919662130440117 0.8630347323358054 0.1419877680937069 0.9878115265212086 -0.06377979134185759 -0.44039720906412977 -0.9828845513581698 0.14833336882153203 0.10924820545668935 8.922506847984728
0.09842152173574019 0.04176299971770696 0.994268100621656 0.9366575816571363 0.14349942673559854 0.9880812392606417 -0.05570798100553187 -0.45506575067110294 -0.9847441894145799 0.14815976672409042 0.09125549264831878 8.944151611010698
0.08235326806119918 0.040684139781699775 0.995772433847141 1.0230621172333538 0.14399325064944365 0.9881965407957872 -0.052283271958155846 -0.4580933318712135 -0.9861459744921381 0.14769020796744478 0.0755229730842622 8.961849404430307
0.06663368328142098 0.04077299007610382 0.9969440884686565 1.1097878734660218 0.14578864037596914 0.9880436880721588 -0.05015319329910062 -0.4602227259563404 -0.9870692096249783 0.14868501518654978 0.05989275139194952 8.978480418755861
0.050243044429705806 0.042537106027603945 0.9978307627534972 1.194606124724825 0.1500223712305665 0.9874352497753296 -0.049647916688365365 -0.4626520390576079 -0.9874051471492309 0.15219139959910072 0.04323023561437257 9.003784787723655
0.0379792864948661 0.044356091839314445 0.9982935995558011 1.2742638723875837 0.15577382011156998 0.9865386209998328 -0.049760086852825014 -0.46757967094887876 -0.9870623540411165 0.15739786019033025 0.03055851505417333 9.01996434378389
0.025061561417888525 0.04789029364764738 0.9985381504547709 1.3801864866334494 0.16148723269005577 0.9855395169040855 -0.051319921069440166 -0.47245627862523504 -0.9865565324994847 0.1625373200062308 0.01696548813877538 9.052207963003548
0.017777212943921917 0.0501113687314429 0.9985854101797216 1.4645345508007417 0.16562067943853773 0.9847981467238834 -0.052367936292406006 -0.47658314712238975 -0.9860292902557537 0.16631735006628054 0.009207487424193646 9.067386789230882
0.009088881040926507 0.053296852829619296 0.998537349186237 1.54798523133383 0.16836792866154274 0.9842403563627216 -0.054066269569931304 -0.4791593839084079 -0.9856823184168656 0.16861306706612242 -2.7837200442032687e-05 9.086323877462991
0.0013163229482538665 0.05692654005892288 0.9983775019153882 1.6398217426036577 0.1707041564617255 0.9837116800267942 -0.05631537574727238 -0.48071915903686696 -0.9853214492035522 0.17050131851626701 -0.008422714742158268 9.098074261133762
-0.0036028516927231013 0.0576722734350232 0.9983290681616515 1.7266953994059882 0.17487792292208224 0.9829874567094498 -0.05615489316479351 -0.48768718756912444 -0.9845835320246528 0.17438339608095424 -0.01362716541084231 9.100022092390704
-0.00835543936560049 0.061012611667030904 0.9981020227664962 1.7987670764278705 0.17529723310088802 0.9827695536144995 -0.05860788816817743 -0.48898388557740596 -0.9844800996973898 0.17447482828743135 -0.018906813425073554 9.109162220966837
-0.013313576536561992 0.06126250842661982 0.9980328921138214 1.8777668474642562 0.18009876884346604 0.9819446065846327 -0.057872472389055754 -0.49918223442111403 -0.9835584284326351 0.1789740055444714 -0.02410649701832533 9.125188870352726
-0.014573815939008668 0.060587030781226035 0.9980565192363036 1.9330196065919483 0.1815486703691032 0.9817318085146322 -0.05694502996578 -0.5059038396860035 -0.9832739619130512 0.1803659276352037 -0.02530707355870575 9.126757386300538
-0.014934177803694094 0.06095119674654829 0.998029018590385 1.9956961175818253 0.18756886759565158 0.9805915792605412 -0.057079546180798094 -0.5112377768570148 -0.9821379181368646 0.1863467367529799 -0.02607687594983183 9.132333274421246
-0.013585343611589465 0.06190334471910363 0.9979896864955763 2.0567100122251576 0.19152263489085822 0.9797631539688453 -0.058165646643761594 -0.5153331062296566 -0.9813941709442849 0.19034741405548858 -0.02516631079380112 9.135247238507132
-0.012276694306860703 0.06214077499340617 0.9979918871714893 2.117502229937906 0.1930931634653751 0.979428377419173 -0.05860958734697763 -0.521361036820554 -0.9811036199096564 0.19198587861941258 -0.02402310160870657 9.138598879744853
-0.010231006024499554 0.06302543054664682 0.9979594789469823 2.1757502151488173 0.1956240005595696 0.9788532186602951 -0.05981326544716896 -0.526581511644772 -0.9806256048670146 0.19461287578881734 -0.02234394003773853 9.145459030956735
-0.006154376101887128 0.06578045070492347 0.9978151411758843 2.246727734510531 0.1945878612700379 0.978838582908059 -0.0633292417205406 -0.52741706885645 -0.980865784855987 0.19377296229248073 -0.018824217998304547 9.14859543385397
-0.0036801405241202595 0.06467503399612405 0.9978995924156493 2.3188406980771368 0.19772252274887456 0.9782525037563709 -0.06267250507372427 -0.5350566568979096 -0.9802511211743373 0.197076581236826 -0.0163878175624787 9.158745335430552
-0.0003201362324392701 0.06449868598116155 0.9979177406076577 2.3834614258521074 0.19820566027134642 0.9781236467162842 -0.06315574376761515 -0.5395894414277967 -0.9801604020512124 0.1977727262317644 -0.013097137460649775 9.165052705003708
0.006684766959564795 0.06443835041015843 0.9978992999732538 2.4406954085217785 0.1970819496245475 0.9782635972645166 -0.0644906148154774 -0.5392509965505042 -0.9803642277352257 0.19709904429882064 -0.006160171556684832 9.163136295848997
0.011464349025844246 0.06407380452438682 0.9978793094734354 2.5006726610419636 0.1968477232754294 0.9782719679159216 -0.06507634463607731 -0.5442603909595828 -0.9803670448065334 0.19717632810173763 -0.0013975312598327094 9.165392836519912
0.015112379215409833 0.06632913301374975 0.9976833476149082 2.565441717136582 0.19398918337234972 0.9786439367124444 -0.06800177843631482 -0.5488822430065121 -0.9808872579093789 0.19456744653106015 0.001922503941326837 9.16962540345049
0.018963668288167392 0.07133186247401083 0.9972723523095589 2.637124683693517 0.19328117670757877 0.9783748006960498 -0.07365552317038128 -0.5543814656572398 -0.9809601245797874 0.19415075266132126 0.004766468866181889 9.17531505262646
0.02125378138578241 0.07681195206002275 0.9968190411491596 2.7049772512411185 0.18656997364870034 0.9792251297344838 -0.07943418803771306 -0.5607228723732012 -0.98221174993457 0.1876647791068323 0.006481432963097605 9.171745348581133
0.020386450903280496 0.08056092646734757 0.9965411831661982 2.7752212365337368 0.18384910932937903 0.9794490408230101 -0.08294022805420488 -0.5673776338565916 -0.9827430476062214 0.18490406582228522 0.005156435205232205 9.173236807561038
0.021457821010279904 0.08074446337412242 0.9965038351917725 2.852613691930285 0.1812456669561527 0.9799034439858698 -0.08330215287887185 -0.5740795945011511 -0.98320372768166 0.18239948491994293 0.006392008591146358 9.1685009367605
0.018810694204984883 0.08040792442422588 0.9965845290156325 2.9307110822643403 0.1776597911538326 0.9806299182776153 -0.0824740079420077 -0.5805757947388693 -0.9839121690429004 0.1786043926353147 0.004161074460658595 9.170427370747786
0.01606382677677345 0.07993496304501799 0.9966706352412883 3.0121528425263637 0.17825159831727033 0.9806023577055623 -0.08151922325215633 -0.5887704428584569 -0.9838538108716285 0.1789676444089487 0.001503691486871575 9.173426771625872
0.013157647786812337 0.08020873245902728 0.9966912438373431 3.0929474724224297 0.17527938566992435 0.9811584444737341 -0.08127265097842286 -0.5962764060663321 -0.9844308067426037 0.17576878583867708 -0.001149200115339379 9.179381733559085
0.008900531005070976 0.08290808695991875 0.9965174507576222 3.175330628816178 0.17336775830754406 0.9813370727029549 -0.08319357017352284 -0.6026402996308204 -0.9848169377743492 0.1735044635029496 -0.0056391681397896295 9.190943947751252
0.008227117099978849 0.08515393878170167 0.9963338402634838 3.2659492264768795 0.1708641158552496 0.9815948698801598 -0.0853051307833288 -0.6102615737599767 -0.9852602541751234 0.17093951601346932 -0.006474056522284798 9.198637651766472
0.0008028918350320195 0.08637157429130518 0.996262669439711 3.364519170488236 0.16919863126952986 0.9818870999225929 -0.08526163370545053 -0.623411010393055 -0.9855816447870875 0.16863473592367098 -0.013825603015232103 9.215702752784509
-0.004920458139045971 0.08961095686412107 0.9959646908909946 3.4816057317545304 0.1673101507566376 0.9820112017539598 -0.08752892712434826 -0.6295142364754627 -0.9858920339192803 0.16620432015938955 -0.019824767712687118 9.232523225513786
-0.008670920813807784 0.0898665751815428 0.9959160676469563 3.5655614279994583 0.16727395937365205 0.9820502668518205 -0.08715902645013136 -0.6370968888636072 -0.9858723231979406 0.1658350748225868 -0.023547617945017463 9.238728821689143
-0.013715717767090851 0.08822972934974357 0.9960057198354837 3.6724478150259747 0.16724797000969055 0.9822689925787504 -0.08470975590786001 -0.6474368533509824 -0.9858194538625079 0.16541807965637412 -0.02822876740182371 9.242946440221205
-0.017326718242298443 0.08890793729981578 0.9958891321427499 3.7707641441484863 0.17015227034157884 0.9817720047089892 -0.08468728161479308 -0.6530277410290892 -0.9852654412555841 0.16798544417534803 -0.03213877428671944 9.245366640837778
-0.026424941904400114 0.09094346605052654 0.9955054035152504 3.890211606601117 0.17067062330947536 0.9816422868854217 -0.08514669070210229 -0.6622287222542 -0.9849737360886874 0.16765353137074376 -0.04146121843861711 9.249646049785786
-0.0331891221432061 0.09253202906464954 0.9951564227640487 4.021180851008535 0.1701993306557053 0.9816844174233887 -0.08560310994617197 -0.674286642391305 -0.9848505825838336 0.16653386498032555 -0.0483301334469645 9.238642195198464
