1.0 0.0 0.0 0.0 0.0 1.0 0.0 0.0 0.0 0.0 1.0 0.0
0.9999751689645154 -0.0030745539759332616 -0.0063410229646088815 0.0017176312341887013 0.0030521654120204324 0.9999890854505472 -0.0035374095148759 0.0015518486603951652 0.006351829711688624 0.0035179678263652977 0.999973638733385 0.05995695211001126
0.999947715390207 -0.0012531573821027158 -0.010148698560950874 -0.003485325509853805 0.0011910074567309656 0.9999805164483211 -0.006127660645528425 0.0024977210324396266 0.010156179751430964 0.006115253087520407 0.9999297253770048 0.12377560913574495
0.9998869382617258 -0.00029869023285270446 -0.015034010700289905 -0.005923869838839372 0.0001515459948689376 0.9999520886962205 -0.009787611857693248 0.005218376735002387 0.01503621386530107 0.009784226909174616 0.9998390776401904 0.19640629701405612
0.9997675482037993 0.0011211660467377428 -0.02153119934559367 -0.005501137268031441 -0.0013359490175709216 0.9999494693002996 -0.009963638204533666 0.003160233354756716 0.021518940466168455 0.009990086723549174 0.99971852707073 0.2699549202430874
0.9997676490813804 0.002057415185235159 -0.021457280653555847 -0.014707668486892648 -0.0023319251795210732 0.9999156623523968 -0.01277616168196456 0.006202081748428795 0.02142918512792808 0.01282322990210138 0.999688128767983 0.3449053569530814
0.9997111937974882 0.0056498227712197995 -0.023358264033417668 -0.019011727064651936 -0.005997552277370002 0.9998718397761884 -0.014843631269317113 0.0073130532940653605 0.0232714065471183 0.014979436746187779 0.9996169556945731 0.4191485366935449
0.9995574746315762 0.008893979083880394 -0.028385771861997162 -0.018769139020059965 -0.009346504559751764 0.999830706668489 -0.015849317187296756 0.004270076500824898 0.028240002844553514 0.01610761120850941 0.9994713838327216 0.5074132241623742
0.9994289556519214 0.009813223310273013 -0.03233362418245969 -0.0226889183329445 -0.010322019541916376 0.9998249286960713 -0.015606661092991882 0.0047857133213663975 0.03217481184228004 0.01593149729805469 0.9993552766042496 0.6070809494658931
0.9992367553837742 0.010585594299779908 -0.03760122183424158 -0.0221009542719784 -0.011199963705639318 0.999806588866225 -0.016166189182202553 0.009233682758321173 0.03742282061923901 0.016574982745175545 0.9991620501419666 0.7139220293995108
0.9992673563116172 0.012528874693002479 -0.0361632120934905 -0.03281982263252408 -0.013154859076050369 0.9997668276587919 -0.017124251684781218 0.012615253850448439 0.035940232229091026 0.01758742766869331 0.9991991703836217 0.8072520816877706
0.9991279014767163 0.01498656224605364 -0.03897229070478455 -0.03707623825339219 -0.01578056729827201 0.9996724946750787 -0.020146391385260032 0.014020227529613787 0.03865760192352581 0.02074382660331818 0.9990371782227996 0.8974546476442693
0.9990567784035232 0.013842607746774604 -0.04115745056174764 -0.04493140881132418 -0.01474523279698024 0.9996555907473071 -0.021708938191769354 0.014314362698528005 0.040842767238969284 0.02229533804229356 0.9989168064788195 0.9804611309523146
0.9991206032312284 0.010430599015383485 -0.040610624263198336 -0.053961746809868094 -0.011377927556903058 0.9996668774017242 -0.02316628995749772 0.01292023196541891 0.04035545766530541 0.023607982337872042 0.998906452179862 1.0644752560473971
0.9990800430090698 0.009939297489299915 -0.04171663968267693 -0.0590232941574994 -0.010914142079097407 0.9996711294299426 -0.023205914912773913 0.011747637404068144 0.04147226981577416 0.02363986780167829 0.998859953890758 1.1470908205553685
0.9989774512821361 0.010155887295560065 -0.04405575766103133 -0.0539078658063492 -0.011235978877288336 0.9996406300225947 -0.024338520634947524 0.009225714024808243 0.043792746071886934 0.024808642874379894 0.9987325601131742 1.244000266649227
0.9989153794017954 0.01095615652430682 -0.04525513704301576 -0.06025315958987418 -0.012209929027483675 0.9995466351598123 -0.027521660085105214 0.00687127065685445 0.04493308833934142 0.028044371537104457 0.9985962801840282 1.3210713036296908
0.9990587021348876 0.01184764000325194 -0.04172940348132964 -0.07001603973080645 -0.013175620866172796 0.9994107823639382 -0.03169370772710378 0.005468809461698573 0.041329320141337104 0.032213685306924374 0.9986261391409709 1.4009693824932308
0.9989227122695777 0.015556233613486308 -0.04371977250344961 -0.07443234881669518 -0.017019940723825306 0.9993001738614963 -0.03330891979845554 0.001764127631950909 0.04317101492608465 0.03401714444431093 0.9984884062191743 1.4685012249527385
0.9989849649712783 0.016676341133538383 -0.04184422789025732 -0.07861999873030927 -0.01809383381667088 0.9992672292721219 -0.03372858847669465 -0.0005923098493507157 0.04125109621753862 0.0344514752835547 0.9985546769764979 1.544861704697226
0.9990615128898349 0.016462459359297882 -0.040063460835496494 -0.0821842230124276 -0.017811359925863062 0.9992783700938513 -0.033548390723945755 -0.0029845109197477117 0.039482260825151 0.03423049071250132 0.9986337790129655 1.6237541187782893
0.9992173691594455 0.01682003308370601 -0.0358013359686391 -0.0889990764779714 -0.01802457555584837 0.99927305882066 -0.033592686573607554 -0.005267452550276656 0.035210280403709486 0.03421169978624503 0.9987941708638614 1.71409425450638
0.9989818275371213 0.020108714648360483 -0.04038499530498829 -0.06977128851571564 -0.021491165432421046 0.9991875166615873 -0.03409452090887785 -0.013404172620335737 0.039666586177151957 0.034927727421640443 0.9986023311600122 1.8317100259642949
0.9989753252684339 0.024277443382954223 -0.03819561817295238 -0.07669274037709865 -0.025663566963428985 0.999013956755162 -0.036228380299265034 -0.014511192100408667 0.037278423190099025 0.037171493798097956 0.998613338191153 1.9090928040110395
0.9989425285874396 0.025931131906139025 -0.037965786932429905 -0.08370384642253886 -0.02742151191088478 0.9988520636001507 -0.03927614703915166 -0.01454713952259571 0.03690372967402412 0.04027569291503599 0.9985068769399442 1.9903258625970643
0.9989118542325278 0.027619023854608214 -0.037580540111224324 -0.0883973635562916 -0.02909440535284191 0.9988039641589104 -0.03929576004621866 -0.01620692333956891 0.03645028190422235 0.040346383998619485 0.9985206789282529 2.0782571328001347
0.9989838538286893 0.031988510353671076 -0.031748936910269296 -0.09856980927326471 -0.0331837555696092 0.9987318325947178 -0.037862447468333144 -0.017627721722850806 0.030497510650471255 0.03887752264932709 0.9987784739754738 2.1597579450976925
0.9989271990029447 0.03627422718296557 -0.028785960717141852 -0.10373133551439054 -0.03732676150555203 0.9986212129340795 -0.03691051277854226 -0.01668951326089193 0.0274073706808564 0.03794540183402855 0.9989038905280211 2.2507800161705593
0.9990616614194552 0.03602384889080035 -0.02404327333973821 -0.10990723165169299 -0.03687719586261046 0.9986694784922732 -0.03604643052066806 -0.01786059714380945 0.02271275208131428 0.036899255264347404 0.9990608469226635 2.3373116087270365
0.9991467636660428 0.03651131705792708 -0.019304620751700065 -0.11654567206299465 -0.03718634342286278 0.9986651526106793 -0.03584813557110937 -0.021861848608411262 0.017969989385315528 0.03653541689625631 0.9991707775919533 2.423256936638795
0.9991569205537945 0.03873335736893143 -0.01360790712740582 -0.12253501516101553 -0.0392539204062634 0.9984148791828724 -0.04033433722014554 -0.02272799042935176 0.012024052652753772 0.04083449587273394 0.9990935722466758 2.507345896183441
0.9991203718987356 0.040306694907531415 -0.011569477194863766 -0.11933211829737439 -0.040784958547283326 0.9981717305566653 -0.04460698906906156 -0.03130847357949944 0.009750364774082834 0.0450396121557699 0.9989376175335628 2.6120896689749076
0.9991087047147938 0.0415018892086256 -0.007706448938430252 -0.12348411635363317 -0.04182972276110862 0.9979297750956264 -0.04885118495308151 -0.03431440564054263 0.0056630783902808166 0.0491300027448233 0.9987763375117773 2.6966972189373792
0.9992498766285777 0.03856036245099787 -0.00357526298594578 -0.12674494476729387 -0.03868900093934595 0.9980592462147118 -0.04879448997207616 -0.037716898301874024 0.001686791061837616 0.048896211437773125 0.998802440547152 2.7834710802503526
0.9992701549801868 0.03786172083550452 -0.005064332260692697 -0.11619358344076575 -0.038048232262473065 0.9983064530930108 -0.044006337436232126 -0.04667126818901532 0.0033895999134530576 0.04416690852012321 0.9990184156481815 2.8878648609849926
0.9994177844784806 0.03400376419038126 -0.002799301521628103 -0.11882617448020807 -0.034089833103379874 0.9985826029832529 -0.04087380944044335 -0.05198324487244522 0.0014054704222270266 0.0409454397958418 0.9991603953384153 2.976219170022356
0.999624948556311 0.027189617899445646 -0.003269082787807918 -0.11817004931042424 -0.02730318988219101 0.998741160853422 -0.04207884788601834 -0.05702076675610166 0.002120859742751565 0.042152322541465996 0.9991089448395069 3.0593815718460404
0.9996476482893226 0.026045641117216536 -0.0051189694684093704 -0.11800391730067017 -0.026256106294943862 0.9985690530786827 -0.046588229369338756 -0.06291600976398425 0.0038982241923679593 0.04670621813350614 0.9989010626862963 3.150052839972511
0.9995905615617605 0.027660603362004873 -0.0073212197271129795 -0.11366457152798533 -0.0280005061629053 0.9982894552112429 -0.051323827494251656 -0.06859417465535647 0.005889048417523079 0.05150781140456692 0.9986552280306994 3.247841145061085
0.9995572658499396 0.028513377214105753 -0.008500565065812484 -0.12417447228058076 -0.028932582634772164 0.9981145054040955 -0.054132612758102286 -0.07206763775159011 0.006941033689162007 0.054354589703011116 0.9984975716693276 3.3623909863591224
0.9996477862722709 0.025694482900867743 -0.006640553395915786 -0.1441331076440984 -0.026020921937045936 0.9981509341640373 -0.05493290679551325 -0.07210550865180301 0.0052168019411473745 0.0550863519931697 0.9984679658364569 3.4689360080397744
0.999632537397303 0.02564477651399612 -0.008782688322824268 -0.14980723073198304 -0.026069263881990216 0.9982953281464745 -0.05221907009486803 -0.07665921581450931 0.007428570338890615 0.05242883975894149 0.9985970323930731 3.567278306934814
0.9996800129754518 0.02361510542115166 -0.009066336269270253 -0.16504743671688893 -0.024056595729826605 0.9983497295211959 -0.05214496875869603 -0.08112113579762238 0.007819965427755038 0.05234638823167822 0.9985983696060234 3.683661906479531
0.999629722017875 0.025408042654033937 -0.00973910811909942 -0.1689902673049034 -0.025860566615745206 0.9984362445287146 -0.04956104020002077 -0.08859706639106722 0.008464629512112423 0.04979454769235534 0.9987236119504422 3.778161192654547
0.9996729061046992 0.024200058921098895 -0.008272723155035447 -0.18442091384170994 -0.024564500981735647 0.9985819287162893 -0.047230466150279794 -0.0946722340986953 0.007118011780183534 0.047418232669193254 0.9988497610345753 3.9119753389509233
0.9995234304359778 0.029523421114404567 -0.009015520794469536 -0.1891608277193576 -0.02991375818587804 0.9984579243556595 -0.0467647341763363 -0.09754978202756492 0.0076209632390402526 0.04701213563632373 0.9988652461779925 4.035061613931332
0.9995342738895657 0.029818616644748944 -0.0064873277588651124 -0.19314726186395964 -0.03009451972925658 0.9984091388475654 -0.04768135220321216 -0.1033311868982989 0.005055215358699657 0.04785437876573958 0.998841530589624 4.134893386786793
0.999520063770679 0.030273348613880608 -0.006570120513274055 -0.1947092525089985 -0.030571938538973536 0.9982059870004758 -0.051479744466861835 -0.10594813248674559 0.00499986938086607 0.051655898792941406 0.9986524267361835 4.237639434735876
0.999494441548525 0.031246342599989162 -0.005876000997688911 -0.19827843320810037 -0.03152305172791517 0.9979827748156206 -0.055106064830216156 -0.10807820879651958 0.0041422847994708285 0.05526343497681709 0.9984632162634756 4.340425266498701
0.9995102208568571 0.031079613743776966 -0.0036573230938439375 -0.20261115380202555 -0.031234250593041645 0.9979858524189712 -0.05521467161424701 -0.11567714716777715 0.0019339060386211852 0.05530186236570768 0.9984678082073145 4.432392826486368
0.9995533715852929 0.029286993871441437 -0.0059438491271286125 -0.19318694454531435 -0.029569303005574855 0.9980567222938327 -0.054849206045795774 -0.12117357360116247 0.004325930216314439 0.05500046430771109 0.9984769577980757 4.541192942799818
0.9995156896343346 0.03021824707531566 -0.007432611821840303 -0.19171681209861124 -0.030580312064418864 0.998033625913929 -0.054714952792966606 -0.12860332149231687 0.005764606564349962 0.054915745363137626 0.9984743513092211 4.640726044643
0.9994266368851102 0.03323061020805417 -0.006490302744649135 -0.19783489822884606 -0.033555890218807526 0.9976971397191698 -0.05894420775452785 -0.13552483500567003 0.0045166044923347325 0.059128199206351276 0.9982401796874711 4.752880811944915
0.9993589877864328 0.03534992634768469 -0.005656521695262614 -0.20361494650003442 -0.03564087237986391 0.9972931206033356 -0.06431298324025472 -0.1429073271637729 0.003367750952486161 0.06447336120036157 0.9979137457461195 4.867148736195508
0.9993324409921593 0.03608670282418108 -0.00569405478817956 -0.20804050531036658 -0.036382488792523246 0.9971895816082719 -0.06549238765826455 -0.1516930331714309 0.003314647781209646 0.06565583150945327 0.9978368227816058 4.964644274078332
0.9994085127755035 0.034020208693472775 -0.005024937045202982 -0.2112650474182846 -0.03426490916498157 0.9975227089676967 -0.06143582907117432 -0.15897391234920646 0.002922429087465301 0.06157166957456603 0.9980983863898539 5.05350342032485
0.9995715500077844 0.029211666080600027 -0.0018425471040193963 -0.22720774430087562 -0.029269260467532185 0.9979255650647197 -0.05734001205042644 -0.16859722089395568 0.00016372757486248128 0.057369374713821024 0.9983530077273406 5.139741529945635
0.9996501425511557 0.026449792261669026 3.141286620005708e-05 -0.23571483688144973 -0.02640521345798832 0.9980328506492254 -0.056861179439213136 -0.17536760794283052 -0.0015353174563211669 0.05684045666859887 0.9983820938328244 5.223718497183019
0.9996741831856876 0.025445970674428314 0.002007498060677072 -0.2429835350178937 -0.025281074588554185 0.9979003842847625 -0.059629609356181605 -0.18027100726189252 -0.0035206163772053428 0.059559429318614104 0.9982185530431534 5.322353800036029
0.9997548699523015 0.021779009511679992 0.003984313158678805 -0.24211300255087123 -0.02149850988171769 0.997939155928535 -0.06045870605221535 -0.18936132618191967 -0.005292832844701697 0.06035822901090328 0.9981627473068441 5.412680651248178
0.999762636393965 0.020803157009813472 0.0064729845522016015 -0.24796867570625736 -0.02038841347047509 0.9980719076486317 -0.05862405443823656 -0.1970807536988461 -0.007680069449226216 0.05847816533583643 0.9982591450681586 5.498434970874949
0.9997949923337203 0.017706772159749827 0.009820566383789314 -0.24992922161855563 -0.01715359855095972 0.9984039311556973 -0.053808403707985196 -0.20521870651313404 -0.010757665228487645 0.05362891451942422 0.9985029855570293 5.588317422764019
0.9998045116917156 0.017790004276627407 0.008628681749095812 -0.2488412724768288 -0.01731790020425588 0.9984965983695723 -0.05200608980598148 -0.20716831525208756 -0.009540897934944632 0.051846492574039706 0.9986094894774264 5.68167545220203
0.9996950429013957 0.02283717614568894 0.009395987657863206 -0.2499184973548434 -0.022311066861273942 0.9983595400663082 -0.052729925603030386 -0.2092588190452349 -0.010584776515718267 0.052504210729046596 0.9985646050015159 5.7762169402633745
0.9996769207584253 0.02441313061547581 0.007074825545853807 -0.25104259189792943 -0.023967716931016805 0.9980649664103869 -0.05737483219450832 -0.21386074793247464 -0.008461834793187219 0.05718672816121811 0.9983276393419892 5.85802368003181
0.9996733521960451 0.025012313617143324 0.005251007202322002 -0.2531886664033707 -0.024612325256442455 0.9975224313910847 -0.06590320414888722 -0.2184924685745071 -0.006886389082258677 0.06575243751479096 0.9978122040776373 5.939328366544202
0.9996069826551087 0.02762780679466851 0.004752317210049536 -0.2532521525960417 -0.02721185116779213 0.9970063193796704 -0.07237343623888833 -0.22289944662602645 -0.006737609603590204 0.0722156728745151 0.997366282369778 6.02014053515739
0.9994779149658013 0.0320539104294679 0.004055159897422051 -0.2548719086498092 -0.03168182183235147 0.996931509244284 -0.07158091953375133 -0.22993439207538327 -0.006337165059957479 0.07141507335355678 0.9974265525024437 6.0973671339245366
0.9993822608003337 0.034875530673384836 0.004335222931173483 -0.2567816122138883 -0.03448599500786442 0.996940064199366 -0.07015144005992853 -0.23489972907762857 -0.006768526126914626 0.06995860028912808 0.9975269326186921 6.171238375459489
0.9993125558289839 0.03705062495974649 0.001291105199240621 -0.2444393360032484 -0.0368763418614365 0.9969889391169161 -0.06821429974312375 -0.24466331457123014 -0.003814600039553266 0.06811979498367915 0.997669856394349 6.253790276230957
0.9992517459119921 0.03822645573430075 -0.005889513887318142 -0.21614873406961743 -0.0385365474939571 0.9969878900909704 -0.06730588027209009 -0.26061497634570757 0.003298908771299773 0.06748247990366449 0.9977150054534467 6.356832764852545
0.999118450942653 0.04044839452904843 -0.011236029813755063 -0.1972937274505896 -0.041102293421000594 0.9969840242009091 -0.06582899789374662 -0.2710279850539412 0.008539464941500936 0.06623279299699937 0.9977676556545269 6.432436348529338
0.9991045956894211 0.040291137834443706 -0.012908566314019262 -0.19955547135958293 -0.04106587160488853 0.9969227088757155 -0.06677354803540238 -0.27420034309404795 0.01017846066988483 0.06724386023951355 0.9976846506779993 6.533077891366758
0.9990504620924221 0.04156556262215071 -0.013056729943634032 -0.20375071508533585 -0.04235942283418875 0.9967897695509085 -0.06793993388134399 -0.2779960709858898 0.010190853255313763 0.06842849788319955 0.9976039731212876 6.620201145973045
0.9990460242213627 0.04187234588642411 -0.012399521662354702 -0.20908052994924578 -0.04261404210532048 0.996825061744044 -0.0672594951990348 -0.2844876542417161 0.00954384109955319 0.067723725007937 0.9976584646902551 6.698414170470966
0.9987548337379261 0.04573552462196865 -0.019925959768106277 -0.1941015642080731 -0.04690432638882473 0.9969242241566508 -0.06278594950839213 -0.29941781619788976 0.016993123642741387 0.0636423842829059 0.9978280817213208 6.785149100267936
0.9985050020720847 0.04816811782786443 -0.02583782618461 -0.18189087626391265 -0.049663183113289405 0.9969175867388301 -0.060736261770731007 -0.30302977350600513 0.02283263191314231 0.0619286498782901 0.9978193790682625 6.871749380417893
0.9984265706493922 0.050596295709464924 -0.024174322777965725 -0.19711416675266052 -0.05195690394419123 0.9968792167351685 -0.05943321776591626 -0.3080226176403764 0.02109177929495243 0.060595726763172986 0.9979395245926567 6.941414106976638
0.9982861488416443 0.05142987570851256 -0.027923698098992963 -0.20337035936092437 -0.05314962737212869 0.9964814701895961 -0.06480583830940584 -0.3103507899890802 0.02449249152537637 0.06617890489716442 0.9975071279973355 7.023821198943499
0.997998645062804 0.052621682427088805 -0.035066550890391866 -0.18774071136166667 -0.054950218832569356 0.996093132828834 -0.06912990801014501 -0.32471242878814904 0.03129181846838861 0.07091846917257155 0.9969911698842481 7.10363986378748
0.9978577871558458 0.05153355647700747 -0.04030048596814139 -0.19450761282577553 -0.05441880328964968 0.9957635919075991 -0.07411789851175045 -0.33447865596898496 0.03631019775434604 0.0761522264159545 0.9964348488240135 7.185400102715829
0.9976669559716712 0.05084141547981156 -0.04556089808407207 -0.1943027990684934 -0.05414748533752955 0.9957471130795325 -0.07453681389352387 -0.34173378980293717 0.04157757561282372 0.07682992428595097 0.9961769260228707 7.255162770131608
0.9974265047312173 0.0535606479011253 -0.04766156371833491 -0.20015404600022832 -0.05684403987950821 0.995895559975234 -0.07043286698545308 -0.3491545566008097 0.04369350969929202 0.07296088416422403 0.996377231068702 7.319057842459428
0.9972636528791194 0.05240236178865168 -0.05214594063937182 -0.20125915182517762 -0.05597105431982643 0.996009889047996 -0.06950929432042843 -0.3535445538640036 0.048295421361871385 0.07223775603912508 0.9962174756938931 7.389795334526756
0.9970838278856607 0.04863263047703707 -0.05881077640841572 -0.19625347413122354 -0.052872445544195276 0.9959421831139199 -0.07282631664758156 -0.3596644492201005 0.055030397700296885 0.07572341214684973 0.9956091703985992 7.453928951111791
0.9972492293251222 0.039943413306025105 -0.06243795595559471 -0.19500706253443945 -0.044789688414556265 0.9959271379779286 -0.07824972620282579 -0.36562388526926765 0.05905809362124486 0.08083105574316282 0.9949766238486567 7.512405699041321
0.9972217052952349 0.035920164163966796 -0.06525804390645178 -0.19295318827022778 -0.041382992428609704 0.9955734390897168 -0.08438587154687548 -0.36810259012955016 0.061938020841131015 0.08685199586368647 0.9942939265573231 7.567897530637649
0.9972129636466918 0.03762080704321526 -0.0644280995560027 -0.19661128253951385 -0.04301037154102835 0.9955016958975736 -0.08441848971022704 -0.37377587460672423 0.060962390659190575 0.08695428881009935 0.9943452813699312 7.619187376289118
0.9970230909954049 0.04172311325733271 -0.064839323269786 -0.19486521702236412 -0.04698812984766787 0.9955306591432075 -0.08191960912570334 -0.3782883670956086 0.061131593103621644 0.08472242044467977 0.9945275460230398 7.670920880701224
0.9975031172226864 0.03988400880132977 -0.05828204674647816 -0.20887222859650903 -0.04446259979098244 0.9958428342384505 -0.07949922462361132 -0.38317507017837665 0.05486901084264389 0.08189209569832683 0.9951296781381246 7.727724383252608
0.9979107525015662 0.03480099757392683 -0.05443363491093643 -0.20946335645937478 -0.038934212382714516 0.9962851266249519 -0.07681193639037891 -0.38549212306861713 0.05155828883792871 0.07877078794681101 0.9955585898470991 7.779547887110256
0.9983135727013898 0.03014300515709578 -0.049612597193511285 -0.2047972982114342 -0.03379846063326579 0.9966427913027882 -0.07457084284763667 -0.38948125247061594 0.047198248050196866 0.07612191395573702 0.9959808128657444 7.8317245625501
0.9985518233299897 0.03305886543075346 -0.04244252043391907 -0.2020636802400805 -0.03621887475610251 0.9964511466746836 -0.0759822703142521 -0.39251433721027545 0.03978001050470053 0.07740945489497804 0.9962054642778818 7.881155856421303
0.9988385273810102 0.038207699818345583 -0.029355883463548123 -0.20459861827620746 -0.04033768626945575 0.9963094752690747 -0.07576477120328486 -0.40006496411341574 0.026352747214687146 0.07686092091336356 0.9966934993018617 7.931802940452988
0.9990562044706199 0.04108735277210444 -0.014090058585348095 -0.20257170677525072 -0.0420632673174793 0.996073913132121 -0.07789378101132478 -0.39941141880866804 0.010834290532203276 0.07841293910983428 0.9968620913289977 7.985487326914336
0.9992304072497694 0.03871783494013063 0.006286691101653664 -0.20082292467531787 -0.03810782215073935 0.9962011314460888 -0.07830133840783525 -0.4031568292835561 -0.00929446708458526 0.07800150615904486 0.9969099146455188 8.028635389638598
0.9988710747180297 0.034936933720728404 0.032186748109122365 -0.19887223294016018 -0.032308928914453985 0.9963639653609899 -0.07883515486458552 -0.40573269524079647 -0.03482397455844789 0.07770623650850587 0.9963679197985241 8.069620546222056
0.9976575450128463 0.03262243688415261 0.060126529009069576 -0.19633510534007662 -0.027857268027699382 0.996528437901985 -0.0784540953084094 -0.40894810381871743 -0.062477159802378425 0.07659535928741076 0.995102886860782 8.110978029720666
0.9952421676510917 0.03265771493275904 0.09179597695174364 -0.1932050261880807 -0.025552302492236115 0.9966616546464261 -0.07754112453912242 -0.41261564896441605 -0.09402184621937437 0.07482659829777825 0.9927541853957025 8.149872765270336
0.9911570510664007 0.03293496384112884 0.12854177639249612 -0.1887474804194878 -0.022936659205099914 0.9966500523464374 -0.07850211985895998 -0.4152683216715153 -0.13069663264929235 0.07485961070313513 0.9885921448704277 8.187058367913155
0.9852390488190589 0.03279974331341878 0.16801248025277404 -0.17810642786247813 -0.01978509005661889 0.9967131157118818 -0.07855899171554064 -0.42040578821464203 -0.1700369574344545 0.07407524422156661 0.9826496279447474 8.232464116866305
0.9764114415487415 0.033318977178824 0.21333200081671858 -0.1696821502299237 -0.016487259991377793 0.9966426033577929 -0.08019782684197878 -0.42276214547370705 -0.21528787023584078 0.07478881555390687 0.9736825796928695 8.27358101337465
0.9641460466245523 0.03621848210047279 0.2628889924142567 -0.15907717120416123 -0.014696805617155619 0.9964097941336203 -0.08337581219542026 -0.4252034021753277 -0.2649649121730971 0.07652283129192342 0.9612168598230957 8.314037206411848
0.9477583806480028 0.03664466592880747 0.3168772954480018 -0.1466787007332455 -0.009657186901340611 0.996220481779516 -0.08632201587161373 -0.42880164342926597 -0.3188428933701156 0.07875227070981919 0.9445301949675418 8.351876615137614
0.9272756638820859 0.03684190801114478 0.37256209816100977 -0.12990187201864173 -0.004124240737452109 0.9960910129356898 -0.08823652637705368 -0.43220729923625845 -0.37435655972665344 0.08028304779246541 0.9238029002047891 8.389986171787182
0.9029767129553891 0.0373411770194796 0.4280638881745102 -0.11038807833713332 0.0009643974805544624 0.9960381738437498 -0.0889214607589478 -0.43601070621098115 -0.429688405472826 0.08070683208257819 0.8993632644584818 8.421670037885534
0.8726019390424611 0.03647943553494941 0.48706786669045093 -0.09105452749049858 0.008367261861006984 0.9959442548346805 -0.08958253284396199 -0.4398170967543136 -0.48836036377687886 0.08224531624865729 0.8687576549572814 8.455670283705214
0.8377970431077538 0.03521706673294873 0.5448448153104056 -0.06676972948577574 0.01720990678620747 0.9957182933864762 -0.09082345139847214 -0.44325864997198516 -0.5457104852101652 0.08546834751092135 0.8336037595317335 8.489925676266472
0.7989874404279893 0.03172717318074532 0.6005101635445379 -0.038829627876495 0.02729507115509906 0.9956646080283543 -0.08892113028059799 -0.448703298726903 -0.6007279327024571 0.0874378339261672 0.7946575212437959 8.524820844301725
0.7580978320337077 0.03010467999444619 0.6514456119341219 -0.0064913811747038044 0.03501089042445598 0.9956145309082072 -0.08675219533887536 -0.4512123757847859 -0.6512003644174952 0.08857434214748446 0.7537192257702223 8.558352053205196
0.7146744674249715 0.02984072101886376 0.6988203896423641 0.030059843800956262 0.03958502372478263 0.9957627279464473 -0.08300370792533943 -0.4540864047628068 -0.6983361880266131 0.0869834524591948 0.7104649516272701 8.593584402427364
0.6674918035789672 0.028480088991024485 0.7440722926476694 0.07088551616213684 0.04930105102138718 0.9953852465817558 -0.08232628532589627 -0.45514127801383436 -0.7429832424241368 0.09163566673756256 0.6630073951763132 8.634105302682718
0.6207524947788292 0.026428760583325116 0.7835610128381114 0.1044629031002314 0.05932234397086729 0.9949831982048246 -0.0805561592672955 -0.4582466763158504 -0.7817590419890655 0.09648811276071813 0.6160704865226174 8.654524893306544
0.5752914920920978 0.023093268463557172 0.8176224067857459 0.1409328511853555 0.07074450206927822 0.9944507639781781 -0.07786458405581358 -0.4621814044501646 -0.8148833748171681 0.10263712279134218 0.5704653420425281 8.670075454166952
0.5280423657275898 0.02352329208948592 0.8488921690804322 0.1828004297469878 0.07696693114594301 0.9941765875196783 -0.07542548864740853 -0.46489180516969303 -0.8457229756290094 0.1051644785894811 0.5231568416222974 8.691982730129034
0.47975455882172596 0.026581828037967374 0.8769999827297199 0.22335831728956715 0.07513356688457622 0.9946248787774273 -0.07124814133846488 -0.4698703022683845 -0.8741799073514401 0.10007375747489897 0.4751786323561738 8.713104178456238
0.4309989303661978 0.02961479608435531 0.9018663348169025 0.2868100426064192 0.08686644405951027 0.9934576667094048 -0.07413558762671486 -0.46543976463549347 -0.8981615349811245 0.1102942804917119 0.42560665968845796 8.756446959882636
0.38579339346350533 0.028930718120868264 0.9221314825494906 0.34169722507729056 0.09733970757075834 0.9926530410031685 -0.07186738841225587 -0.4657646330248355 -0.9174357955137529 0.11748597250808153 0.3801428775787844 8.787564137675462
0.3482308808116106 0.022183152603226876 0.937146286013955 0.3901562444311927 0.11471905178579876 0.9911970375961443 -0.06609063336050075 -0.46602305903393015 -0.9303627210967437 0.1305233327846286 0.3426205872277038 8.794906205328637
0.3153426568059105 0.01992260665612433 0.9487687276373589 0.43658468737802003 0.1250555168949425 0.9901882191730661 -0.06235710308383414 -0.46418407702896164 -0.9407019328632894 0.13831261820562343 0.3097571518986728 8.804734622021371
0.2842215990351061 0.024226118055824607 0.9584524911782902 0.4875657467523733 0.12603856654695528 0.9900608155468131 -0.062400811385471176 -0.4650127546986184 -0.9504379845022592 0.13853763648453696 0.27834324294396406 8.814008903248997
0.24870626590578723 0.03439081744795565 0.9679682148575227 0.5725575518930897 0.11668490932439879 0.9910271478423694 -0.06519067552474334 -0.46508807566910615 -0.9615247397936038 0.1291606128611852 0.24246177193563262 8.85474381330685
0.22192178752686875 0.040280171562510264 0.9742321222376995 0.6436193216172229 0.11957096449552972 0.9904812017549468 -0.06818924709719422 -0.4644860895243366 -0.9677052777940652 0.1316225541044095 0.2149930198414451 8.864207898484343
0.19656335577097944 0.044848282235592625 0.9794648940868508 0.7112075070916108 0.12177643735944896 0.9901020610595429 -0.06977397788346693 -0.46292520942304416 -0.9728994534236785 0.13299075255881132 0.18915631964528629 8.874703601605693
0.17497160325352348 0.048084639034593035 0.9833985995230023 0.771140304473079 0.13130155228237134 0.988745603892686 -0.07170797132205393 -0.46518108526633645 -0.9757790940695193 0.141668621337958 0.16668881577679778 8.881249271528416
0.15118906832743015 0.05901880553045164 0.9867414282435092 0.8431974922499512 0.1405665262789284 0.9867883521675584 -0.08055929317159428 -0.4582838898480476 -0.9784594612492433 0.15088249938342854 0.14089554312202682 8.908633906070204
0.1303244956500357 0.06582534113065765 0.9892838572920283 0.9088117261491805 0.14762548441483608 0.9853828893505352 -0.08501339733520141 -0.46429359101440265 -0.9804194215665298 0.15712283678771982 0.11870203020559904 8.925086899233502
0.11294343568115464 0.06653770340777046 0.9913710275985244 0.9721442016751232 0.14821604068294347 0.9854636120025816 -0.08302695166687964 -0.47100779158540146 -0.9824844963768178 0.15631443773382528 0.10143969112309689 8.930269734667686
0.09717269264286946 0.06682043746977627 0.993021901541391 1.057331306655393 0.14703041310611903 0.985832454776343 -0.08072439985215427 -0.4696175821207688 -0.9843472585558304 0.15384862770266838 0.08597135760023497 8.942553494998755
0.08126549461655709 0.06515790024561811 0.9945603890263809 1.1374867226181775 0.14769837512996087 0.9860562992444268 -0.07666919005931505 -0.4753114620036412 -0.9856881400162507 0.15312551307983963 0.07050863688471296 8.957945305604657
0.06557818814680072 0.0653536987494823 0.9957049740255104 1.2251951294312136 0.1507374815932651 0.9857529306329035 -0.07462822114695639 -0.4796407433184625 -0.9863963264744569 0.15498404372192942 0.05479263918900345 8.974909893658673
0.048910298910622166 0.06692385497295815 0.9965585684223631 1.31128783322623 0.15407233299525586 0.9853048382162101 -0.07372985821988322 -0.4851846688459916 -0.9868482653710615 0.1571482530074185 0.037880439686517754 9.000613480762038
0.03564059755221034 0.06900208935270775 0.9969796685344593 1.4089927987552548 0.1588473961310507 0.9845395685598274 -0.07381966325045601 -0.49453304681341603 -0.986659643721434 0.1609986012516465 0.02412877631598838 9.019924453665359
0.02582576247290157 0.07125306968105403 0.9971238789908293 1.490285752138362 0.16627475195053057 0.9832559301605907 -0.07456864399878768 -0.5001946750547831 -0.9857412119093345 0.1677223177309905 0.013545747615468649 9.037832251058889
0.019061277707952958 0.07274281173738605 0.9971685670099502 1.5678347642742485 0.16918663885301666 0.9827320657787362 -0.07492374873078232 -0.5084842550375933 -0.9853996899358961 0.17013574060377132 0.006425016999753117 9.049953396327583
0.014115983894009719 0.07497770854497858 0.9970852933526031 1.633700398828602 0.17126773814586438 0.9822665083758626 -0.07628806193296297 -0.5120836412216444 -0.985123393727458 0.17184542398455735 0.0010243956580009515 9.05267235573589
0.00641114897079553 0.07833281164753678 0.9969066494854291 1.7236212116822927 0.1733507463392709 0.9817461264232703 -0.07825638629861809 -0.517372039820943 -0.9848392843060704 0.17331622506935807 -0.007284930693952564 9.065683464157111
0.0012362225432674242 0.0789022686801369 0.9968815896338689 1.803215107569382 0.1774081567174507 0.9810518379059625 -0.07786936028661398 -0.5255233621260641 -0.984136584872212 0.17695118914112343 -0.012785107649234436 9.068791871078304
-0.003734098181134368 0.08121886391682026 0.9966892959467524 1.8725395699847944 0.1800180541599618 0.980467890997527 -0.07922256559415126 -0.5288631966519937 -0.9836562187508577 0.17912624282030729 -0.01828202521182284 9.078014898022778
-0.006258944546875017 0.08174390357965958 0.9966337139795728 1.9525172334491103 0.18286911147642174 0.9799398406114125 -0.07922623839550105 -0.5371225258036929 -0.9831173448174861 0.1817576491101163 -0.021081824137886625 9.083160901073164
-0.010117619674538355 0.08188829251330813 0.9965901571465448 2.0227573637020164 0.18783140350314412 0.9790560417952241 -0.07854063204676008 -0.5460944411518595 -0.9821491727992044 0.18639628369020797 -0.0252869095841933 9.09456112376731
-0.010842869142780192 0.08252549736055821 0.9965299666714209 2.0869529875382162 0.19530033453066492 0.977570226529133 -0.07883039728421459 -0.5519425455459397 -0.9806835430050632 0.19376788817853532 -0.026716923285959527 9.102482035847121
-0.01037223881654439 0.08291431666573947 0.9965027008261363 2.149406772479625 0.19979543167577302 0.9766330337020666 -0.079181455931213 -0.5595990017610423 -0.9797827321112701 0.19827539830687196 -0.026695772752016858 9.107367539823406
-0.009138154786987025 0.08300196845223648 0.9965074848490307 2.210272310861811 0.20099539584187592 0.97636245455876 -0.07948086674387496 -0.5671352366774473 -0.9795495622874104 0.19956710791371424 -0.025605164742672326 9.110570569613063
-0.007332329155387509 0.08399698819455646 0.9964390312123459 2.2715428312362556 0.2042302448569404 0.9755878390108202 -0.08073645682013071 -0.5742846517143592 -0.9788954203768817 0.20291100105326554 -0.024308056621839946 9.119182656329947
-0.003178901871761862 0.08522564752939568 0.9963566046281235 2.34192105977783 0.20468824146084727 0.9753211317781172 -0.08277326690855552 -0.5792428458803054 -0.9788220565509117 0.20367935317612443 -0.02054513809153197 9.122452940396416
0.0022667444821596917 0.08421166306395997 0.9964453109295324 2.408081230286768 0.20698363274939202 0.9748295771915979 -0.08285572524763708 -0.5853603234016277 -0.9783417795654634 0.20643568305031318 -0.015220746375700709 9.123971872305788
0.004687633834023673 0.0838111313703203 0.9964706319543305 2.4780916406181825 0.20703978542774912 0.9748085170148599 -0.08296313883477174 -0.59367484565381 -0.9783212935120396 0.2066979666414575 -0.0127826932693143 9.13346931728053
0.0088261198350801 0.08415419153464168 0.9964136548922868 2.551163766993057 0.20623725087844758 0.9748758660829011 -0.08416199902099532 -0.598554011935044 -0.9784622097755018 0.20624043681165133 -0.00875135789362722 9.141884189810112
0.013287865439058235 0.0853276499468474 0.9962643347960516 2.612676972740175 0.20594495675119667 0.9747567118676581 -0.0862324037569138 -0.6022950945391427 -0.9784733554986675 0.20632145991994177 -0.004620363154867998 9.145727738352964
0.016898269466353456 0.08689306628474378 0.9960743162639397 2.6776306786427972 0.20239897872947155 0.9752947866012494 -0.08851402509030318 -0.6089733870550347 -0.979157342768929 0.20310015819800636 -0.0011062737615863854 9.149478611294027
0.020733998207198616 0.09188824855037983 0.995553439598641 2.7491978843658598 0.20161261979722714 0.9749265885066841 -0.09418332422044759 -0.6159958798077242 -0.9792458592492711 0.2026689339811581 0.0016882956194274469 9.15494495490213
0.022882688263836045 0.097370094978345 0.9949851492267238 2.8168973807997655 0.19486720904951707 0.9757220198321209 -0.09996654866491432 -0.6236988129440773 -0.9805626718446264 0.19617748244544053 0.003352904158662862 9.15115415648982
0.02499696596738983 0.1008669555709948 0.9945858479619856 2.8918553510296956 0.1917783627154365 0.9759342109682675 -0.10379535372996336 -0.6315643116049788 -0.9811198761041446 0.19333461442685548 0.005051294666489652 9.145221772512912
0.024987550673557186 0.10135482544634385 0.9945364858415578 2.9670336012960647 0.1895952375372687 0.9763110631331645 -0.10426098938228741 -0.6396241631052849 -0.9815443281964007 0.19116460802807653 0.005179229957146965 9.14378083046884
0.023561912400962885 0.10054619506435743 0.9946533561709261 3.044882301042538 0.18652764530717583 0.9770163421957354 -0.10318190063486463 -0.6478259301386964 -0.9821671313071774 0.1879615113275669 0.004265728459175027 9.14299402271886
0.02190333421767103 0.1003551458413606 0.9947105552135787 3.1261964357250585 0.18724240750718027 0.976932017926905 -0.10268453233168849 -0.6569572260077988 -0.9820695111757948 0.18850113276164146 0.0026073293835267423 9.144828936365483
0.018935939768358796 0.10064735297871193 0.994741946699477 3.2068009081316644 0.1843382403110222 0.9775126370203903 -0.10241317114744641 -0.6662343159535418 -0.9826804380591512 0.18530826965847774 -4.3035522629891286e-05 9.150864489822917
0.014640025891081085 0.10335462544276229 0.9945368223658149 3.289006046426586 0.18252125012167483 0.9776554610786126 -0.10428706860001524 -0.6744568537094445 -0.9830929065433898 0.1830508694946566 -0.004551514178922251 9.162520968986373
0.013651193709500064 0.10619894576507782 0.9942511900061722 3.3798789570031658 0.17967380755163262 0.9778985652588386 -0.10691921690978486 -0.6834134561512224 -0.983631520331778 0.18010047191245507 -0.005731686200989809 9.171007179741695
0.007751344958291173 0.11049826028451576 0.9938460902601725 3.480309911695981 0.17695965435217723 0.9780381769390287 -0.11012086623949537 -0.6916957687840747 -0.984187582416531 0.1767242454330318 -0.01197262265463173 9.184217311632578
0.0026883825306021677 0.11342107168618554 0.9935433725293145 3.5976692392888467 0.1761657978947481 0.9779545641950189 -0.11211816098311184 -0.7013017413665706 -0.9843568378649464 0.17532977747001666 -0.017351797625569303 9.197490318441455
-0.005879489498645916 0.1149242217371244 0.9933568617880231 3.6980503413102683 0.17735393681925662 0.977745498729403 -0.11206837559766804 -0.7132808655927966 -0.9841295710921134 0.17551684526707206 -0.02613090755309561 9.217002059775467
-0.010474838903920869 0.11270746371583258 0.9935729995187466 3.7933059492966232 0.17690421806674544 0.9781632321522363 -0.1090944035946917 -0.7256602453104529 -0.984172330123201 0.17462450826912176 -0.030184528017468244 9.218235128777632
-0.019452112860223705 0.11436393343050065 0.9932484613809253 3.9238194210699864 0.17923490150764185 0.9777417662052045 -0.10906827540339645 -0.7376121867888035 -0.9836139818988036 0.17590318174561093 -0.03951715152881998 9.242755940051877
-0.030714356399896375 0.11751097948710722 0.9925964930478645 4.040525262282901 0.17999253062388468 0.9774810713234242 -0.11015191384637402 -0.7473853584010944 -0.9831883427047694 0.17527670953207086 -0.05117380057275562 9.251427064932155
-0.03836607507615401 0.11934417881976375 0.9921113905530394 4.16558662604842 0.18048310343812518 0.9773413694586945 -0.11058796009487146 -0.760789599182197 -0.9828295343835547 0.17481651674380866 -0.05903636012634861 9.2421883333904
