1.0 0.0 0.0 0.0 0.0 1.0 0.0 0.0 0.0 0.0 1.0 0.0
0.9999751689645154 -0.0030745539759332616 -0.0063410229646088815 0.0017176312341887013 0.0030521654120204324 0.9999890854505472 -0.0035374095148759 0.0015518486603951652 0.006351829711688624 0.0035179678263652977 0.999973638733385 0.05995695211001126
0.999947715390207 -0.0012531573821027158 -0.010148698560950874 -0.003485325509853805 0.0011910074567309656 0.9999805164483211 -0.006127660645528425 0.0024977210324396266 0.010156179751430964 0.006115253087520407 0.9999297253770048 0.12377560913574495
0.9998925910771512 -0.0006560708137683852 -0.014641580519464122 -0.005906249491887158 0.0005258176819129789 0.9999602720884398 -0.00889818861220245 0.0033852751693358354 0.014646836681892025 0.00888953406542001 0.999853212406358 0.19116836047856933
0.9997830548901171 0.001275954633293347 -0.02078978341298885 -0.007352286806908281 -0.0014671418670477035 0.9999567539688056 -0.00918355524355073 0.0019908991306277313 0.020777166537503746 0.009212064477801369 0.9997416902474006 0.2619479979830543
0.9997310343545914 0.002351376484608521 -0.02307227723755803 -0.012348613033827373 -0.00261708409375161 0.9999305298070899 -0.01149288608482346 0.0034802448008078983 0.023043650299927356 0.011550176983065088 0.9996677365967724 0.33581501983976086
0.9996698341817783 0.0053838193211946375 -0.025124432660119447 -0.01845778503102851 -0.005741661314094289 0.9998827969542584 -0.014192451524769592 0.0062462874822895465 0.025045078405354988 0.01433202164544254 0.9995835818995946 0.4193868908236096
0.9995340268172074 0.008847854119401847 -0.02921377606644728 -0.024388586934770844 -0.009333464172615664 0.9998198341135422 -0.016528332030382672 0.007149587011305489 0.029062272469943647 0.016793296003163222 0.9994365260126491 0.5019695413891416
0.9994424527350912 0.009083407637180463 -0.032129042571518676 -0.03497338674085145 -0.009625165807819382 0.9998134185231324 -0.01674766623321071 0.00876701743211221 0.03197092200793766 0.017047575979706124 0.9993434045908235 0.6038964220871804
0.9992906265932522 0.008245491401968506 -0.03674582254360563 -0.03852403670163642 -0.00883821348326342 0.9998329740883489 -0.015997184379465023 0.011630743357392798 0.03660778039283935 0.01631060382654187 0.9991965945786261 0.6981446483520745
0.9990192158003642 0.009594746365343852 -0.04322669665623865 -0.02887455764467863 -0.010260410860073902 0.9998317681892165 -0.015203923460964488 0.012448352453241295 0.04307354676141994 0.015632535360878278 0.9989495950284892 0.7951138987039365
0.9988458927381854 0.012093487862636079 -0.046482578579228495 -0.03259846306151247 -0.01297068762491996 0.9997425602098632 -0.018616513303100036 0.013836143904814097 0.046245473536278385 0.019197938856659227 0.998745610914542 0.8837700254152888
0.9986429825031585 0.011470902935502797 -0.05079972325752187 -0.036128474093575856 -0.012448244232727662 0.9997426578532931 -0.018964685179451907 0.010927802605654277 0.05056910828479078 0.01957131713190591 0.9985287821755585 0.9747349182264937
0.9985372356103492 0.008744454143171975 -0.05335657055490406 -0.03935475428694782 -0.009763409566576875 0.9997743416798535 -0.018866413338279122 0.004552237634096734 0.05317955371454114 0.019359758272082944 0.9983972830623936 1.064267508949983
0.9984835298170733 0.008998180895704505 -0.05431089600261606 -0.04541897401428259 -0.010055208095483117 0.9997647001346763 -0.019220748028560036 0.0038417183671229597 0.05412516488838928 0.019737707698439612 0.9983390653583664 1.1440736417745823
0.9983754224459772 0.010289341022174797 -0.05604146069783319 -0.04254142116644803 -0.011486517527869928 0.999711757214761 -0.02108227695616892 0.003652333216855953 0.05580838441398681 0.021691748382831316 0.9982058366294988 1.244320402051269
0.9982603015636473 0.012678918956593658 -0.057581380116742735 -0.04911527589342236 -0.014100739902608243 0.9996039583290254 -0.024353554712673614 0.002346477653556237 0.05724979874423734 0.025123126935879727 0.9980437310242016 1.3246380390116965
0.9983386124764103 0.013525086160442188 -0.056009703472069815 -0.052689768891054034 -0.015063208471522779 0.9995183829249292 -0.027131198751217916 -0.0017954911396681201 0.05561577644176172 0.027929809155940538 0.9980615267463692 1.4128276441989192
0.9983029581414777 0.017444055688766544 -0.05555995578744363 -0.06171527205406866 -0.01907147346232074 0.9994004438387789 -0.02889691600893472 -0.0047019905247569094 0.055022565061540636 0.029907486955253262 0.9980371032973026 1.4787477298976885
0.9982990050058531 0.018826427086652525 -0.05517845818319947 -0.06802582873176034 -0.02057453470498093 0.9992986912570598 -0.031286006034655915 -0.003481202505657791 0.05455075733660961 0.03236805979786165 0.9979862341630396 1.5631713146160573
0.998286209568456 0.01844374589042347 -0.05553802321810192 -0.06784526862793024 -0.0201400298056334 0.999342778080829 -0.0301395271548539 -0.008312714741846455 0.05494563663179392 0.03120641176456314 0.9980015715818829 1.6465119095776743
0.9980411161366018 0.01951526040913056 -0.05943976036265853 -0.055531469121337065 -0.021368587425254836 0.9993000324165435 -0.03070551552642306 -0.012315711920560326 0.05879892832574152 0.03191551070338667 0.9977595332565291 1.7652534792324623
0.9982849000463455 0.019986558484177595 -0.05502541067013318 -0.06872822470747522 -0.021760996820635727 0.9992560741765089 -0.03183955462507246 -0.01407935214594123 0.054348112725563294 0.03298235439305752 0.9979771775656299 1.8452063691757647
0.9983727749854092 0.02129152792352151 -0.05290059552231611 -0.07675553493402146 -0.023115180561899967 0.9991509457169354 -0.03410390154429996 -0.015501045397369444 0.05212955587307973 0.03527121363994224 0.9980172598171042 1.9243642061234778
0.9984283135713948 0.02203485269170788 -0.05153026223332645 -0.08643770995503122 -0.023944069544769797 0.9990382826463374 -0.03673134003397004 -0.01620622772843038 0.0506713350190803 0.0379074540679091 0.9979957117811047 2.005971680910724
0.9985143614265755 0.023512604148316674 -0.049155136771683594 -0.0976544851428856 -0.025355337396269904 0.9989858631579481 -0.03720688210653507 -0.016205470267326796 0.048230456045943275 0.03839795120488651 0.998097901236581 2.0885464962664897
0.9986844705863686 0.02571026527976303 -0.04436564514203497 -0.1086402642919602 -0.02727263603203699 0.9990159088788991 -0.034977380272542 -0.01874807368793564 0.04342270757897057 0.03614133459226686 0.9984028607733461 2.1673333128953827
0.9987569659002282 0.028050206014076408 -0.041203264534968365 -0.11741923777065347 -0.029446337285190548 0.9989988789640967 -0.03367718885186526 -0.017450672456632562 0.040217362994824715 0.03484861218248551 0.9985830651191204 2.2537270955391175
0.9989583691247224 0.028089965842314945 -0.035960124786394265 -0.12740938879861113 -0.029257840644609588 0.9990475148177657 -0.0323734752113577 -0.01853531958354661 0.03501650348749983 0.033391869600598076 0.9988287278247893 2.333359231549898
0.9991022042746395 0.028189218573481976 -0.0316252014977542 -0.1358385273129732 -0.029197732207659574 0.9990646833879921 -0.03189437004834281 -0.0222272656140394 0.030696544552878968 0.032789119583595004 0.9989907886409396 2.419220549465816
0.9992224485831716 0.03015440180061604 -0.025400990128307946 -0.14381655828771744 -0.031094544272641966 0.9988139270789729 -0.037468231737790826 -0.020139039075538923 0.02424103058716949 0.038228930473230616 0.9989749352766292 2.5138219843691365
0.9991582286191795 0.03209238019573534 -0.025552168517682463 -0.12912620408194891 -0.03312435680330205 0.9986081162528451 -0.04104396594277315 -0.03206442939342398 0.024199404309841823 0.04185581545396492 0.9988305559721995 2.635275573780957
0.9992459570093334 0.03267246032535192 -0.020976838102781153 -0.13404412647000047 -0.033614719024072474 0.998363727522208 -0.046259250241381576 -0.03412235555954239 0.01943111076173039 0.04692949929682196 0.9987091939249962 2.72931431165572
0.9994100468981935 0.029890148474995132 -0.01691558994223427 -0.1460916434335166 -0.030634094725723995 0.998490959807309 -0.0455780146936438 -0.04013593062286036 0.015527730010739814 0.046069319587132986 0.9988175546081941 2.8447332921526387
0.9994917333951789 0.028620478528831803 -0.014040765060391534 -0.14955448211403424 -0.029190149973453657 0.9986826235524414 -0.04220133361564786 -0.04356828227415216 0.012814445724560534 0.04258973612494695 0.9990104625866437 2.9380709452297404
0.9995987568153251 0.02545427083669914 -0.012425999735561025 -0.15282908446490667 -0.025932447341298535 0.9988642656971648 -0.039971075644190814 -0.04767392174488446 0.011394452516332887 0.040277274106309865 0.9991235697562231 3.026452825529605
0.9997573629109147 0.01779416755370515 -0.01298394803146421 -0.1535762208036007 -0.01831704433679967 0.9989776428542841 -0.041329831406158986 -0.052528662715985656 0.01223524385440703 0.04155763080793323 0.999061190382979 3.1210134829454597
0.999750399949681 0.016726610931108228 -0.01481074904290093 -0.15485123414238744 -0.01738291767576364 0.9988197821728003 -0.04535280491167833 -0.059647502909066605 0.014034670410454204 0.04559893888061939 0.9988612340057209 3.215180837250805
0.9996960606442524 0.018430394272010993 -0.01637397017650823 -0.1545160442057766 -0.019228992743023882 0.9985624066932475 -0.050033646449940065 -0.06586078363557096 0.015428291235638693 0.05033329420937092 0.9986133021963916 3.311976915641799
0.9996188049689599 0.019279021963743637 -0.019762693757429357 -0.15805474546681283 -0.020308776626512193 0.9983718709571466 -0.05330254096626352 -0.06753888397713877 0.018702896683745904 0.05368357843556316 0.9983828299114474 3.4246382205590367
0.9996918038452237 0.01621034125305998 -0.018802185009783236 -0.1748295342612362 -0.017211875788941844 0.9983714773055311 -0.05438882821496046 -0.066402157642019 0.017889903759070583 0.054695686660190874 0.9983427934353318 3.5283296506631574
0.9996745935663937 0.015278718417894818 -0.02042713248042731 -0.1808482795347565 -0.016334555815227303 0.9984840797466356 -0.05256162838832726 -0.06779470588357708 0.019593092256850735 0.0528781926319354 0.998408737682015 3.622625669332745
0.9996127689914884 0.01574591154190411 -0.022942936579347872 -0.1829134338025745 -0.016917693298974818 0.9985137445183938 -0.0518082393186307 -0.07512640173332781 0.022093069560639667 0.052176319126297346 0.9983934735362704 3.723634696507968
0.9995642819377517 0.017963866968083938 -0.023421053729930183 -0.18852381902114787 -0.01909151011422751 0.9986237989743267 -0.048846927883345534 -0.0843929365217647 0.02251134193746864 0.04927278767875221 0.9985316378956347 3.8155943736323197
0.9996986434797043 0.01607420092419646 -0.018553767528134535 -0.21557666902029637 -0.01689245669441638 0.9988521608713329 -0.04482193246051763 -0.09377636768149908 0.017811994039600355 0.04512184379340566 0.9988226830028525 3.944129525872056
0.9995787091873046 0.0223969983989923 -0.01846018965660917 -0.2183872933473962 -0.023181178370902646 0.9987878860842444 -0.04342109603293924 -0.09945905604683576 0.017465311585506602 0.04383073207329393 0.9988862947388658 4.0478385468655
0.9996174535403649 0.02193545661771372 -0.01684583985586809 -0.22071813127245601 -0.02265997963841218 0.9987702921650978 -0.044095677920070644 -0.10516426633178261 0.01585786556456737 0.04446053566272303 0.9988852731261583 4.1492759912712565
0.999620019538537 0.0225849046071051 -0.015803120630562564 -0.2291838267958848 -0.023313173986468552 0.9985978468216948 -0.047527215800530626 -0.10879781837375464 0.014707564599646943 0.04787757728792814 0.9987449249616166 4.249746663121025
0.9996090655278305 0.023518218933287493 -0.015119837723489259 -0.23394662714458558 -0.024262046631039348 0.9984010808089152 -0.051055214551131455 -0.11058584902951409 0.013894934611287576 0.05140209351568045 0.9985813715338139 4.355839382853931
0.9995879982192897 0.024728128603774074 -0.014572352991537552 -0.23598596079818449 -0.025460710371203246 0.9982995758499261 -0.052437668571842795 -0.11489584055512773 0.013250888398460699 0.05278708661795938 0.9985178703673956 4.450134612522766
0.9996183967497934 0.02270851433332121 -0.015728453711265647 -0.23181553743160802 -0.023498542964889017 0.9983699242694065 -0.05201262147619623 -0.12077846784119849 0.014521685780285318 0.052362369036094654 0.9985225600611265 4.561934888534748
0.999590172815682 0.024106673189433915 -0.015438740818294099 -0.23456548728748117 -0.024872280230794692 0.9983640346671279 -0.051484210776647284 -0.12773772102277267 0.014172370529923574 0.05184710783555113 0.9985544658768749 4.65882371107667
0.9994780498907525 0.027928639995865645 -0.01623634363277399 -0.2345890941765189 -0.02879081157467921 0.9980409694550461 -0.055545589006713185 -0.1358465092662649 0.01465322338093218 0.055984054490655896 0.9983241300736627 4.771367362653294
0.9993788029131477 0.030130183259814425 -0.018280600225797562 -0.22950924392020386 -0.031182246159621507 0.9976935727142315 -0.060292640422797694 -0.14345521476299125 0.01642180904547953 0.06082521698639492 0.9980133351645315 4.882145302759328
0.9993473519219951 0.031003929273529268 -0.018537167423845625 -0.23380609473939437 -0.03209519520863259 0.9975724280423696 -0.06179926580608082 -0.15107500144804936 0.016576147049825785 0.06235388664111384 0.9979164414768049 4.983763262254576
0.9994063118353388 0.028997314703605608 -0.018605902387883514 -0.23727775996558775 -0.030041256003917955 0.9978337965898836 -0.05852552708626577 -0.15877970906452762 0.01686851509156768 0.059049725850322456 0.9981125102289856 5.079499324495003
0.9995904711750403 0.024610034570647667 -0.014602607112913528 -0.2554821116870249 -0.025365882149386933 0.9982156136438489 -0.05405701342487367 -0.16878695671353824 0.013246205450844872 0.05440528353078494 0.9984310708131476 5.167286672592213
0.9996775914456463 0.02222152311271384 -0.012284830970925234 -0.2660040027932282 -0.022846985532122714 0.9983137267703439 -0.05336401590961359 -0.17569080863015618 0.01107828567640538 0.05362748224984698 0.9984995567019617 5.250157388505402
0.9997386889129051 0.020083253960454905 -0.010918644653383379 -0.27304270926009105 -0.020660473113711456 0.9982387545539065 -0.055610554370397185 -0.18124791369762705 0.009782573353907727 0.05582160708028015 0.9983928332282589 5.349799431863603
0.9997963609028794 0.018229274985928932 -0.008656226594089397 -0.27535147311484437 -0.01869708494663421 0.9981732755410684 -0.05745024812924908 -0.18691648695134083 0.00759313768208998 0.05760039521653771 0.9983108427393941 5.435102411995532
0.9998452714204998 0.016383027593243612 -0.006405437139445715 -0.2819650733658667 -0.01671473728920967 0.9983069537759317 -0.05571214948260204 -0.19457477524353284 0.005481858756030875 0.055810594419860096 0.9984263251612914 5.521556592025478
0.9998988420290981 0.013732148610839498 -0.0037059146509286897 -0.28429302450079014 -0.013904435542513461 0.99858344800545 -0.05135916706674861 -0.2018902104426601 0.002995393315448739 0.05140550032901084 0.9986733711052928 5.6104378905725865
0.9999101531720404 0.012573600607750746 -0.004646520335140099 -0.28400846536534996 -0.01278200643036072 0.9987685666808631 -0.04793715179135541 -0.206934299930142 0.0040380558542837015 0.047992236643128114 0.9988395463371019 5.705502888853908
0.9998477335037053 0.017035349690239572 -0.003782415687874607 -0.28650172962202547 -0.017196145955735074 0.998718980620661 -0.04758876245812445 -0.20977723982925953 0.00296687913027779 0.04764655925623593 0.998859851540379 5.799601397602882
0.9998251732356661 0.017767794284818596 -0.005824813346685491 -0.2887592645545781 -0.01804807922107002 0.9984714537442854 -0.05224005067189613 -0.21418880741663093 0.004887719376287377 0.05233604440559749 0.9986175687695835 5.884547377293381
0.9997936387109803 0.018936502483106316 -0.007354513360280263 -0.29159329541795737 -0.019349305000727023 0.9979600468202735 -0.060838715851546855 -0.2183701929734677 0.006187438003573763 0.060968465817861445 0.9981205146608139 5.965213246964734
0.999742601104699 0.02129914646323873 -0.007815234887665543 -0.29422547773343233 -0.02177713660951924 0.9974975095719778 -0.0672642157375751 -0.2223895409840411 0.0063630069544368785 0.06741709544053516 0.9977045892371447 6.041817162240958
0.999660354097745 0.02492169223478288 -0.007621397596723845 -0.3017854330854259 -0.025370750918505706 0.9974991607162796 -0.06596779038400148 -0.2295685536844724 0.005958308736858344 0.06613874527439415 0.9977926462599959 6.117373260290261
0.9995981496828154 0.02733242926800686 -0.007515148767844419 -0.3064572651382732 -0.027757337364108795 0.9975707869745711 -0.06389096334684942 -0.23681172895727468 0.005750597634026949 0.0640738892626538 0.997928588297584 6.194653927011045
0.9995459158586919 0.028964171223791087 -0.008308963565286346 -0.30521397747304874 -0.02942677970310144 0.9976194361832668 -0.06236605796172009 -0.24366916803273378 0.0064828023659121116 0.06258224456424055 0.9980187553041208 6.2657246001912865
0.9995443513051654 0.028501357497477554 -0.009937927084578031 -0.30205847638799327 -0.02906236334214575 0.9976642784554661 -0.061817202548331104 -0.2527154098134571 0.00815284066485459 0.062077855268471385 0.9980380108364414 6.337254730442136
0.9995349216435829 0.028337969194760088 -0.011264986323768175 -0.3080714702937775 -0.028982165023139096 0.9976635448175288 -0.061866674815222615 -0.2562630387403345 0.009485490262995503 0.06216438565640141 0.9980208487954715 6.429802338065831
0.9994142052603635 0.030100072931542387 -0.016285942813145864 -0.2900442580964159 -0.031041401494895968 0.997653747486247 -0.061019927235934905 -0.2662896591082294 0.014411027618802613 0.06148972057313285 0.9980036756178849 6.514676051004042
0.9993742830886909 0.03185887592622511 -0.015364059544404866 -0.29988996356301684 -0.03274315281947105 0.9975867494798676 -0.0612255110687611 -0.2752825333903052 0.013376406259058582 0.061690268980671696 0.9980057026233292 6.60700674004935
0.9993704335689532 0.031965012010933526 -0.01539397659296699 -0.3044274719977065 -0.03284264975282554 0.9976211778490122 -0.06060813364855368 -0.28128727503175305 0.013420017340419529 0.06107555578370611 0.9980429247383574 6.6837899385996975
0.9992992959286732 0.03417093179420682 -0.01527300156403898 -0.3153453133470405 -0.03503395906788748 0.997562038249358 -0.06035396884889949 -0.28440277667579605 0.013173415217362885 0.06084675228884462 0.9980601854935458 6.776807617487799
0.9992987362611057 0.03506464386122338 -0.0131341713801998 -0.3322960639824943 -0.03578854245541995 0.9975760296680188 -0.05967616995674619 -0.28289964947955804 0.011009810891903851 0.06010437407273642 0.9981313782671344 6.863105872482046
0.9992120171789143 0.037469759989359266 -0.013090523732314587 -0.34107536878103234 -0.03817558798318682 0.997549216026963 -0.05863604766803015 -0.28708894209458974 0.010861363053707003 0.05908958191026032 0.9981935945007293 6.9310724058834925
0.9990638994289616 0.039140762312256765 -0.018420792149480718 -0.3395405349468001 -0.04022891950471125 0.9972044273444479 -0.0629679610604711 -0.2937697164775637 0.015904681489498636 0.06365006528075973 0.9978455342869821 7.013868868699735
0.9989866996883948 0.03881821889889027 -0.02277541936403929 -0.33830380403178845 -0.04028445788817234 0.9968780351833177 -0.06790688788113995 -0.3059703639022368 0.02006829086758704 0.06875557323274595 0.9974316692641608 7.103714292217397
0.9988563560477717 0.03781636583235469 -0.029255810674149604 -0.339242463888735 -0.03987848201815024 0.9965013402641842 -0.07344920369623069 -0.31383584171680157 0.026375872590233475 0.07453188127852299 0.9968697567978414 7.183628192108886
0.9987521358343195 0.03751197654390057 -0.03297002854344474 -0.3398484386682921 -0.03986937489655525 0.9964594252600897 -0.0740205833244222 -0.32068915871984577 0.030076637307778088 0.07524271011931762 0.9967115583066931 7.247640057534261
0.9985848544420687 0.0403824423841542 -0.034605589519669945 -0.34509280416729804 -0.04274454062780871 0.9965968793612938 -0.0704809498648127 -0.32712874141496256 0.0316416296266647 0.07186040908886555 0.9969126786635575 7.309167038930766
0.9984608017005496 0.03934003901325264 -0.039094613413262175 -0.3448891344231417 -0.0419778897689027 0.9967250328652856 -0.06911631956522711 -0.3322641346624532 0.03624754113104091 0.07065104521610785 0.9968422872108829 7.3770763170233415
0.9983812664790248 0.035983428269447906 -0.04404588100738831 -0.3442301937194438 -0.03909531697886952 0.9966411378906653 -0.0719583105299057 -0.33947305830471947 0.04130863026125685 0.07356381688013558 0.99643462500656 7.441961544012639
0.9984826263045498 0.027752321304884104 -0.04756315412333158 -0.3414819946486619 -0.03136954041058306 0.996531779730092 -0.07707375637920216 -0.34564073503584697 0.04525921897689039 0.07844884097398944 0.9958902461855114 7.498963611798743
0.9984571169190876 0.023851884760626503 -0.050144523798616815 -0.3393979506298221 -0.027984866340574014 0.9961227431907524 -0.08340460271488079 -0.34780495311187265 0.04796074362981105 0.08467920696069778 0.9952533340707691 7.55389238836377
0.9984972463474312 0.025330366732436244 -0.04859651795960661 -0.344304893791533 -0.029366104860873588 0.9960147934715953 -0.08421498127430851 -0.35274877990803527 0.04626965443893284 0.08551551734587266 0.9952618828083232 7.609271101937886
0.998345332214945 0.029265844226140043 -0.0494985657000582 -0.3408609651381247 -0.033267277446081864 0.996072898878442 -0.08204918263589775 -0.35671168629556854 0.04690294122927781 0.083560101014927 0.9953983241006672 7.6598100926861745
0.9984873547162505 0.02680815277514117 -0.04800338963583673 -0.33816705792966856 -0.03062731015390412 0.9962695242435982 -0.0806783920028637 -0.3589663270700977 0.04566147549610976 0.08202656891651557 0.9955835834561059 7.710463636086942
0.9987738453599945 0.022572627553733144 -0.04405998536235 -0.3379058241516383 -0.02595213802960101 0.9966387729815532 -0.07770226973205414 -0.3612569421916902 0.042157945354376426 0.07875044555518919 0.9960025476716188 7.7644531874230225
0.9992247822209915 0.01707503356580304 -0.03547221199952102 -0.34708611279599516 -0.019737588740449376 0.996903323384046 -0.07611958628732286 -0.3652987009563006 0.03406262153923496 0.07676071296286281 0.9964675261940584 7.823625322746251
0.9994294909472407 0.02013952193322537 -0.02711258529245419 -0.3463643971153284 -0.02217813037020733 0.9967751768282375 -0.07711924138834558 -0.36885784294284674 0.0254720073457425 0.0776765506142811 0.9966531645093213 7.87306791437576
0.999568943681068 0.024957160379435607 -0.015461790779489082 -0.3424759053757614 -0.026080893642415153 0.9966639148746941 -0.07733581171396033 -0.37454018242010306 0.013480126673239966 0.07770573294448249 0.9968852016418104 7.922117984079726
0.9995848446169129 0.028794781763236684 0.000999477558115367 -0.3429695171057821 -0.02862812168028607 0.9965176714325754 -0.07831322475579575 -0.3757663929798089 -0.0032510092648806413 0.0782520994338211 0.9969283022730158 7.973713199086178
0.999420494143724 0.026760615343535278 0.021036761916923975 -0.340011280301684 -0.025058970709996808 0.9966877911776225 -0.07736598027830431 -0.3816306927863909 -0.023037445007411714 0.07679398663894718 0.9967807982418332 8.017901145925917
0.9986942514945492 0.022460652113466196 0.04588366962634719 -0.3364843194325514 -0.018831055570223392 0.9967708394942298 -0.07805949577133356 -0.38320246393569046 -0.047488771071202536 0.07709353176889443 0.995892265248377 8.061975602097474
0.9970634570757612 0.020688265663621197 0.07373234180441192 -0.3330015466294051 -0.015011427694125404 0.9969387863653045 -0.0767314360549384 -0.3872612805747417 -0.07509407168821805 0.07539928318160917 0.9943217932304322 8.102822525977322
0.9943421160976827 0.020656461716360805 0.10419724921389405 -0.3280768206437522 -0.012743153918860425 0.9970227862873825 -0.0760471935835904 -0.39026485331309013 -0.10545789767761368 0.07428912580654294 0.9916449755856759 8.14072427931762
0.9897982063519413 0.02123443023653629 0.1408850938708877 -0.3234771929155707 -0.010566549846390261 0.9970487205029872 -0.0760407585949501 -0.3935270483527139 -0.1420839847654298 0.07377633709992253 0.9871014098649105 8.17804942235822
0.9832630636392696 0.021137058831018265 0.18096124564859467 -0.3140423755431374 -0.007431647692544729 0.9970738475681383 -0.07608227854263346 -0.3970867410350568 -0.18203988105712113 0.0734640540648217 0.9805429692089319 8.222796431845111
0.9738339947016358 0.022072385396283017 0.22618611930525573 -0.3049699841181835 -0.004679048250917763 0.9970086937819587 -0.0771477221352272 -0.3993901377259576 -0.2272123616155577 0.07407073866316306 0.9710242367742283 8.26183704633285
0.9612785537870346 0.027153305666908184 0.2742375612866806 -0.286161994023538 -0.005142253041111012 0.9967280192454813 -0.08066481813427942 -0.40192166823420117 -0.2755305777273505 0.07613116078410107 0.9582728980279553 8.30749037449656
0.9445756297476502 0.026976774232548368 0.3271836385561413 -0.2720042167148614 2.7583666037988952e-05 0.9966115853244996 -0.08225173090048046 -0.40692300952543026 -0.3282938910884131 0.07770200543737468 0.9413742717033633 8.340518494224835
0.9234150165305416 0.025931679862305507 0.382925913494266 -0.25665134699201037 0.006451309193001219 0.9965251935271324 -0.0830416719208081 -0.4104289025460645 -0.38374873010290905 0.07915230031544082 0.920039034769274 8.37464123824227
0.8979823506477927 0.027502745325708802 0.43917114764589654 -0.2301896733053766 0.010988961330241081 0.9963319569962916 -0.08486385683444833 -0.4131937366553683 -0.43989423803221944 0.08103228040407405 0.894386286164187 8.417501495212898
0.8670488843028982 0.029282486844439716 0.49736180813699854 -0.2037898838113059 0.01633130470200395 0.996064456698079 -0.08711421577151791 -0.41510115212471715 -0.4979553400816476 0.08365485082744153 0.8631583546587541 8.46205392971317
0.8326824369292892 0.028075967006946843 0.5530386056200098 -0.17455700536060142 0.02495795403311046 0.9957961544810817 -0.08813126148629864 -0.4182600126078414 -0.5531880871457562 0.08718806568166333 0.8284812499041287 8.499013895956729
0.7937405505974073 0.024856849032730777 0.6077483651919505 -0.14453429773912613 0.034859053954569674 0.995663516930786 -0.08624968063944623 -0.4229445667364909 -0.6072567699867302 0.08964540205263237 0.7894320218968215 8.535004925726405
0.7528978835129526 0.02268129238352905 0.6577464070426604 -0.11402188965364507 0.04243961985968788 0.9956527497051977 -0.082912488025867 -0.42604874132851334 -0.6567675811639009 0.09033914423043436 0.7486622625402125 8.565599400665985
0.7089450741774063 0.022316627960407703 0.7049105261776623 -0.07707798215495217 0.04666844368942972 0.9958241542905997 -0.07846215708871133 -0.4291756058846895 -0.7037179393501335 0.08852243697438429 0.7049431466358947 8.600952248473988
0.6617112006088257 0.021248099587786826 0.7494576740902277 -0.03974687680900766 0.05634196726774857 0.9953627468435927 -0.0779652802237852 -0.4284603998824287 -0.7476388631640452 0.09381641892483905 0.6574455185236964 8.637594130857227
0.6147135883470382 0.019450814647665553 0.7885105389980849 -0.005418923659041598 0.06620392566163091 0.9948958015013006 -0.0761536892216606 -0.43083734792399275 -0.7859670759825101 0.09901520067455392 0.6102882478852756 8.659374548825406
0.5674634753786743 0.016938219682006077 0.8232243320171974 0.03158994455410981 0.07594170922410143 0.9944504343519188 -0.07280927425402249 -0.4350359030873494 -0.8198890540257736 0.10383366665624183 0.5630279822153078 8.677400356092242
0.5177418296012573 0.01625654257105805 0.8553824423641031 0.07360615528440581 0.08018090060749206 0.994496836802085 -0.06743192692199673 -0.43990331887068557 -0.8517713431777998 0.10349766381072284 0.5135891475944637 8.702102713913028
0.47003343526369895 0.019783293400350302 0.8824268757446376 0.11242678076189233 0.08023777215725005 0.9946516294184391 -0.06503872703612922 -0.4431275448329459 -0.8789940100213691 0.10137434289540205 0.4659321548778078 8.718694034931357
0.4233937228634345 0.022074200416520473 0.9056768105211774 0.1563348592270022 0.08215254810032223 0.9946487681142052 -0.06264811992001901 -0.44646610497553796 -0.9022132310493263 0.10092847846301918 0.4193145930619084 8.735400367577542
0.3740526091228301 0.022306638418123956 0.9271391802156171 0.23217998071111662 0.09519024344168907 0.9935072021323559 -0.06230775926515703 -0.4396207811973302 -0.9225093295798773 0.11156098419078182 0.3695005867985441 8.79317495020379
0.3374766982458401 0.01639803338482059 0.9411910447099445 0.2836342363139773 0.11563176319834115 0.9915539734853945 -0.058736811327845855 -0.43882739355551464 -0.9342048883840892 0.12865388515870993 0.33273022759112236 8.798417818444818
0.30273616084147553 0.012140246546214187 0.9529970783442946 0.3270854936279946 0.12302053579829697 0.9910562906787516 -0.05170470460188837 -0.4404952294161515 -0.9451014573530524 0.13289109496074503 0.29853507698304016 8.80585896149001
0.2723819839219431 0.016543599555819674 0.9620469656666888 0.374172185243005 0.12075848728057 0.991358706737151 -0.0512377041459401 -0.4400822290865272 -0.9545812917632811 0.1301315637736486 0.2680304712628207 8.805514541328325
0.2387298324658587 0.02510719337427849 0.9707614001039029 0.444067591250122 0.1108408948830747 0.9924279214314948 -0.052925577792562704 -0.4433480348845205 -0.9647395312271296 0.12023497662504042 0.23413924763617372 8.831038525585859
0.2103864443848954 0.032273628351314775 0.9770854399345652 0.5114675828271225 0.11112132555771687 0.9921881149293634 -0.05669916753539644 -0.44091973594137773 -0.9712824486344727 0.1205037655260294 0.20515664129798547 8.840018128618363
0.18637043266945036 0.03831180380437573 0.9817322789415949 0.6130415869678206 0.11648513010221956 0.9913297194712587 -0.06079968550987079 -0.4321618959753042 -0.975549730301675 0.12568847593270133 0.1802917932853398 8.851372860590718
0.16122238262118077 0.041398672981137814 0.986049437511807 0.6832727804695334 0.1221498385581647 0.9906006153428658 -0.061561658705277994 -0.4353096572573507 -0.9793297505346011 0.13037089689701326 0.1546501502104162 8.869640857057814
0.1423321293530529 0.04932470478540539 0.9885892162327379 0.7537970793000263 0.13354137669309746 0.9886692415766883 -0.06855531686954214 -0.4368884637286916 -0.980769221409776 0.1417751891481853 0.13413250939745403 8.878203812265344
0.12221834877743708 0.05718189470759847 0.9908546342121867 0.8143281883821427 0.13768977757912756 0.9877084148764992 -0.07398386535156706 -0.43498752872551416 -0.9829059977293492 0.1454727400573646 0.11284272917594289 8.890966664508362
0.10394038972241199 0.05662699671099354 0.9929701801302226 0.8807092124647964 0.1386661228151754 0.9878017847902597 -0.07084730304379433 -0.4451329339756721 -0.9848695861725855 0.14505522123889816 0.09482025639901226 8.899070829156626
0.08565544918638668 0.05409082593221491 0.9948554299870156 0.9532295919897271 0.1362292599933812 0.9885113107404728 -0.0654750124841767 -0.45059774940833036 -0.9869674425969348 0.14113671063234473 0.0773026271581223 8.91632036736421
0.06901582044208056 0.05274385522141415 0.9962203080971042 1.0315743669325421 0.13691692530424035 0.9886511037275199 -0.06182839690291797 -0.4539487038992676 -0.9881753751707939 0.14066655904917214 0.06101104056911487 8.933786328814927
0.0517785090916353 0.05291755610500928 0.9972555932418332 1.1209460626559107 0.14020402418509362 0.9883197881106088 -0.05972292718296435 -0.457796677365302 -0.9887678279548505 0.1429116114417202 0.04375447081816505 8.956424097667904
0.03563429683899207 0.05484824177199472 0.9978586409223059 1.2053075074318629 0.14413433603638912 0.987771263680283 -0.059440927169758316 -0.46053524721854283 -0.988916321062677 0.1459438283106624 0.027293019508439268 8.979752343567148
0.022900332168263805 0.05711184509007633 0.9981051106657007 1.2932809424421228 0.14908143654998945 0.9870091304734797 -0.059897425972837134 -0.4667422262689798 -0.988559709912747 0.15017061467673098 0.014088521030902388 8.995996336743575
0.01217988422998185 0.060317068277254554 0.9981049552499884 1.3818821921711977 0.1539700075638613 0.9861613257157933 -0.06147419322974607 -0.4702713343866955 -0.9880004489831614 0.15442697606603825 0.0027243113204244492 9.016974075149072
0.005936260725000696 0.06226255193743906 0.9980421511313251 1.4551395816576025 0.15866477673786208 0.9853577326015879 -0.06241496154750796 -0.4750258367269331 -0.9873146658646011 0.15872464656911447 -0.0040295334941652895 9.027647535407755
-0.0033850733550559683 0.06780655667221913 0.9976927443610273 1.550361044875901 0.1652909024168453 0.9840127566948733 -0.06631600289504704 -0.47270504929069707 -0.9862390475217484 0.16468504951575957 -0.0145387623058536 9.050761337340294
-0.008533365780180829 0.06994093893449019 0.9975146348447341 1.622144675863639 0.166173022472159 0.983779784112246 -0.06755636886722649 -0.47636363746809113 -0.9860596879859397 0.1651835386260369 -0.020017249962262625 9.049475251213368
-0.01399310209103113 0.07076027060809895 0.9973951960969826 1.6956294084162327 0.17043710014743646 0.9830640126368482 -0.06735237153706201 -0.4824709797394506 -0.9852691956958779 0.16905067631276258 -0.025816290418938976 9.054675069366535
-0.018515951029093144 0.07274149341888834 0.997178938151362 1.7692533233035872 0.17305834150242316 0.9825294471076447 -0.06845944787077703 -0.4879275061066267 -0.9847375132460012 0.17130254143336834 -0.030780989336769954 9.06258411071059
-0.021907210432179726 0.07273180414621158 0.9971109059661906 1.8592225095297144 0.17705808246756047 0.981867154864728 -0.06772979869119432 -0.4983218667655678 -0.9839565587788878 0.1750627740654088 -0.03438772415460218 9.072280041828648
-0.0269254418299885 0.07341180419323275 0.9969381764118346 1.929828543052645 0.1840539595089664 0.9806136292377711 -0.06723875476385582 -0.5065257793223962 -0.9825472815958182 0.18167998557413184 -0.03991518846819755 9.087455776379251
-0.02934464245529584 0.07429429873578872 0.9968045190179106 1.9975297161680208 0.19037898522434393 0.9793947794244886 -0.06739219554964467 -0.5135719390140411 -0.9812719979415088 0.1877930329149887 -0.04288406282606927 9.100283073944649
-0.027172179169565554 0.07534295373518121 0.9967873955872613 2.0600963919957356 0.19353348984393262 0.9786854610378297 -0.06869902955642104 -0.516926615796256 -0.9807173196125404 0.19104504096056527 -0.04117440146948898 9.098643884115614
-0.02625507499076335 0.07587453773877048 0.996771651663588 2.1219690684290797 0.1954394497731379 0.9782629861809029 -0.06931775631676715 -0.5233755725617792 -0.9803642652145186 0.19298856026030567 -0.0405132459703248 9.102788394932592
-0.02307463066833788 0.07694075297270038 0.9967686200676232 2.1804153617030235 0.1976555868455946 0.9777046427602597 -0.07089358584351291 -0.5284414073184232 -0.97999991347359 0.19538104323864675 -0.03776794321557388 9.105924498046996
-0.0183408370952589 0.07881823044898334 0.9967202718132787 2.2491206534970956 0.1962551091330166 0.9777785586720119 -0.07370903839059044 -0.5304416522681062 -0.9803813267468089 0.19425956025423533 -0.03340175767827752 9.105018937168907
-0.015979878402912626 0.07761084982314208 0.9968556562892936 2.315223952009413 0.19900918076887084 0.9772826619509686 -0.07289680802152061 -0.5381877670980448 -0.979867332579228 0.19721854537480338 -0.031062129745331242 9.114151571715558
-0.011604536339299091 0.07804715214549661 0.9968821278257165 2.3786397733141085 0.19962083086712662 0.9770619681130251 -0.07417165463311838 -0.5409259152865831 -0.9798045002041319 0.198137710971623 -0.026918188472812375 9.116702820801327
-0.0069212476888564954 0.07787030595953759 0.9969394724757357 2.4487863620554613 0.19829910425379918 0.977271130941178 -0.07495733373784431 -0.5454034439381771 -0.9801171162583436 0.19717340611429784 -0.022205547476158976 9.122259320267274
-0.004116454977732699 0.07871595544370254 0.9968885861303668 2.5134786987984947 0.19801977950274977 0.9772203293874672 -0.07634523401973017 -0.5502414672913957 -0.9801893805403625 0.19708938629573683 -0.019609999629559463 9.129238445434765
-0.0016481174233269771 0.0805803613522689 0.9967467527277415 2.58362028310982 0.19469921823753808 0.9776991376413181 -0.07871855355066877 -0.5567878697684391 -0.9808616100789403 0.19393607611725028 -0.017300296344104096 9.134179028653882
0.003837665272742485 0.08486075290187661 0.9963854299126327 2.6504818223464004 0.19316351920238242 0.977564095321444 -0.08400175228953578 -0.5631405989520395 -0.9811590733283804 0.19278768673151422 -0.012640437892195823 9.133460452886975
0.004672459450078903 0.0905857402496457 0.995877699211159 2.716316027640825 0.18723231497227374 0.9781973031468271 -0.08985597557420666 -0.5695988227798278 -0.9823045496956693 0.18688033545478502 -0.012389990617288698 9.131826240932952
0.004318480018230227 0.09574248034976686 0.9953967692266271 2.793783659258359 0.1839936122002551 0.9783355252385095 -0.09489968770120556 -0.5742913501096545 -0.9829179525269826 0.183556469547545 -0.013391082383698865 9.130650230810955
0.004832657996305286 0.09590073139266433 0.995379171539692 2.8707781597716155 0.18147007935928208 0.9787792961427315 -0.09518245499917338 -0.5821977118973485 -0.9833845919649279 0.18109152150414426 -0.012673007744318355 9.126114004061062
0.0016261499040307339 0.09584210827066605 0.9953952209643787 2.9477121190002693 0.17790552294134657 0.9794897763248079 -0.09460128425205726 -0.5886509083550705 -0.9840462288650146 0.1772401431882929 -0.015458043185924924 9.128747969581012
0.0005053684936639907 0.09602657159077822 0.9953786426035107 3.030138225030211 0.17859387035304097 0.9793672725336424 -0.09457259096762857 -0.5960103844557244 -0.9839227480219207 0.1778163182571567 -0.01665481571386691 9.127222614999502
-0.002789355134148691 0.0970768178099305 0.9952729831266565 3.1130660037002804 0.17632650405144656 0.9797302172834208 -0.09506663615996429 -0.6031212899169841 -0.9843277825333042 0.17522783108191883 -0.019850031420524973 9.134024440734368
-0.00617006349599095 0.09942207828235182 0.9950262210949388 3.1962548356993215 0.17433874779434974 0.9799131445552053 -0.09683093589045998 -0.6111311508451468 -0.984666406116282 0.17287417238541528 -0.023379246953319426 9.141116515529314
-0.0072489032073142536 0.1018877262348407 0.9947694932219152 3.2878417659347723 0.1713638114130805 0.980206224329272 -0.09914737477175103 -0.6191990565684952 -0.985181149606647 0.16974878211298636 -0.02456528914718528 9.148068901967996
-0.011254556253477717 0.10408428708215645 0.9945047994585734 3.3906107342337415 0.16875203761457525 0.9805001167875326 -0.10070884162057928 -0.6306748922876899 -0.9855942799978437 0.1666912780028676 -0.028599529249701692 9.153092281272519
-0.016607278337267363 0.10607378050856008 0.9942195690061885 3.5074749445090783 0.1678742240550922 0.9805370976192439 -0.1018098477079952 -0.6423078191001532 -0.9856685260289745 0.16521305420894086 -0.03409110609564441 9.16537783444826
-0.023895728115182677 0.10745637041065118 0.9939225938854669 3.6018104160985893 0.16733505659492182 0.9806101103891866 -0.10199406961621087 -0.651322185026801 -0.9856104570327071 0.16388087094188633 -0.04141361040901114 9.178003672768469
-0.02911999811881761 0.10522988105211359 0.9940214775563547 3.7064588539177947 0.16471307153549297 0.9813541709065565 -0.09906359225085429 -0.6652319593624678 -0.9859115729997828 0.1608435991205683 -0.04590976853610162 9.178901194437552
-0.034036961196761466 0.10342198175263 0.9940550180763885 3.7992868691152952 0.1639287235562542 0.9817381578513372 -0.09652752463352011 -0.676270148859832 -0.9858848101404696 0.15966866664758125 -0.05036921704053359 9.177426039695055
-0.04274934170100122 0.10473607923470664 0.9935808208146295 3.9082644257605073 0.16332099325319457 0.9818449002029367 -0.09647199131493998 -0.6855464157597242 -0.9856463599825868 0.15814849241147144 -0.05907882362621911 9.176242359927748
-0.04978269709973536 0.10845654032349615 0.9928538975753354 4.040209364784244 0.16671910336808507 0.9810412717722864 -0.09880669841438446 -0.6909109558899487 -0.9847468830321929 0.16060884764068056 -0.0669206576321175 9.166607102006552
