1.0 0.0 0.0 0.0 0.0 1.0 0.0 0.0 0.0 0.0 1.0 0.0
0.9999846854481389 -0.0033521823511275845 -0.004403605644405 0.0023972886635557577 0.003328923632846953 0.9999805276725208 -0.005278498198693372 0.03645187762088338 0.004421214384455915 0.005263758093959568 0.9999763725779199 0.6847396328579395
0.9999463343954441 -0.0015728659679103009 -0.010239844811403019 0.005980682124955014 0.0014983481368895006 0.9999723716985368 -0.007280851080993505 0.02224157310214041 0.010251013704766353 0.007265117497323347 0.9999210642774633 1.3864124362109345
0.9998537338391842 -0.0014904583940938412 -0.017037883131932476 0.029119653962287488 0.0012976808330713585 0.99993508352553 -0.011320104206500288 0.045010558595455635 0.017053649236963724 0.011296338723941536 0.9997907609990885 2.111375603940508
0.9997720350685187 4.8224729863771205e-05 -0.021351242805243177 -0.02560673783023608 -0.0003238754475859668 0.999916648503727 -0.012907019399064416 0.04295810395032509 0.02134884070968422 0.01291099219459153 0.9996887181922698 2.862343666012915
0.9996506437211143 8.945126643558501e-05 -0.026430711425031696 -0.05293894790800589 -0.00046538408898631864 0.9998988175877018 -0.014217524551239927 0.037504058841654524 0.02642676532631428 0.014224858002325525 0.999549538286723 3.614359920712838
0.9994625804344328 0.002388302301671772 -0.03269321525120136 -0.06252547847571009 -0.0029049639373973394 0.9998715053044108 -0.015764963203693496 0.023331712230886377 0.03265136284855468 0.01585146341531968 0.9993410927264647 4.392282783292102
0.9992356262948696 0.004004307408503618 -0.03888609861221053 -0.10090524560975234 -0.004684950642937523 0.9998371414530193 -0.01742819005314333 -0.0002522955603802071 0.03880997784814619 0.017597047855633284 0.9990916522152472 5.170033450001714
0.9989682435284396 0.004475411578827353 -0.045193131258025494 -0.10936511204883358 -0.005266134687645833 0.9998348679644947 -0.017392660172414993 -0.002910636615012621 0.045107829111547766 0.017612708298885664 0.9988268499891366 5.9943742932830375
0.9987575603804284 0.0037046264060547228 -0.049695184134153275 -0.16142765549168395 -0.0044807092158095215 0.9998696023478887 -0.015514559149338967 -0.022417683663743606 0.04963122835331802 0.015717952915902902 0.9986439240932043 6.806531765192237
0.9984444321716129 0.003197238264903479 -0.055664113511165736 -0.1790257721399607 -0.003965379753603311 0.9998983616168063 -0.013694604756488638 -0.03716389653988582 0.05561467098631638 0.013894031218626432 0.9983556301577003 7.674076884007191
0.9982981747100446 0.005011283289470473 -0.05810027031251481 -0.24184007545200084 -0.005919711722254505 0.9998627471894926 -0.015473971558922625 -0.053099695957725804 0.058014751432028194 0.01579157441402278 0.9981908208322724 8.51789723289623
0.9980586274791269 0.0038619393517229155 -0.06216157606533152 -0.2792554810373769 -0.00497969383650829 0.9998285150047315 -0.017836570094281308 -0.05358638996237758 0.062082032535807165 0.018111488284433853 0.9979067066757019 9.37563849833836
0.9979618326489754 0.0003821788031902581 -0.06381249497756518 -0.3585631989595422 -0.001660475429162353 0.9997989961659816 -0.019980242412057276 -0.06846597825982177 0.06379203239628387 0.020045478414291308 0.9977618730929204 10.204101573378587
0.9978465245897997 -0.00037451314481087774 -0.06559095291245436 -0.4224638772944301 -0.0009344463129049694 0.9998010490328393 -0.019924586894640894 -0.10047482353569179 0.06558536554863235 0.019942971010813926 0.9976476520962265 11.035299412078965
0.9977827127374016 -0.0024340960247606646 -0.06651115198923875 -0.5057570671558766 0.001157359076390298 0.9998144622545918 -0.01922762560821494 -0.15211054111053962 0.06654561354711268 0.019108015153428016 0.9976004035055991 11.864430393879521
0.9976030308224832 -0.0006472010176462859 -0.06919374266969518 -0.5733320468462465 -0.0008469247488119848 0.9997671575893717 -0.021561848810759857 -0.1856870619397568 0.06919158628234422 0.021568767616880178 0.9973701983973761 12.74898223164773
0.9973679305232688 -0.0008847076472509519 -0.07250123072136679 -0.6148903718946414 -0.000988476747718991 0.9996667227254311 -0.02579663522855458 -0.20149643580828389 0.0724998901892491 0.025800402473116307 0.9970346559447025 13.651041839518781
0.997235468415413 0.0013741384234215383 -0.07429355475333696 -0.6982887310555328 -0.0035095998666558846 0.9995841838667229 -0.028620658138370704 -0.2253870102865478 0.07422333354862046 0.028802276074831278 0.9968256244949961 14.550849757431617
0.9971720991522675 0.0003540345460981202 -0.07515104345118746 -0.793124101273394 -0.002328385401090369 0.9996543820191188 -0.026185781091993886 -0.29647937100118626 0.07511579922816558 0.02628671089189382 0.9968282828736348 15.442287299347083
0.9969577537608598 -0.0006595419704609573 -0.07794101757413731 -0.8501558806583686 -0.0013583118752645278 0.9996653328132751 -0.025833647829404213 -0.3262485423349155 0.07793197164804885 0.025860923721193172 0.996623208850433 16.38430174966155
0.996734184669531 0.0007233463328185428 -0.08074925313122157 -0.9019189496602619 -0.0028309161121321197 0.9996582271187576 -0.025988745020655325 -0.34172457916864807 0.08070285636291545 0.02613246494047913 0.9963955756881906 17.323983316279097
0.9966101128787251 0.0002719322524414801 -0.08226912519716777 -0.9811119758329773 -0.0024792760269825905 0.9996396205399474 -0.02672980054419317 -0.3787008898134283 0.08223220839938086 0.026843157407436438 0.9962516292594759 18.233267388415467
0.9963358288501047 0.0009393667493875174 -0.08552212427019958 -1.0356937445471732 -0.0034410737499252536 0.9995703071630122 -0.02910944948791134 -0.40507279282879005 0.08545803157705473 0.029297075419772518 0.995910942911475 19.18084192955899
0.9960693689486894 -0.0010861516018233952 -0.0885699300940212 -1.098991255963667 -0.0016044123553969913 0.9995395316096594 -0.030301000157373695 -0.45993307163440544 0.08856205792073593 0.030324000795428897 0.9956089678546507 20.113709736434807
0.9959984634905504 -0.0008432553628524798 -0.08936637871625765 -1.1836234681903195 -0.0017575157660088957 0.9995772958991019 -0.02901965991138524 -0.5000086940532499 0.08935307416534018 0.029060599502303018 0.9955759688209483 21.06215924325102
0.9959546806322013 0.0007553249326848359 -0.08985379018749419 -1.2829424744372806 -0.0032551690011783947 0.9996115918848262 -0.02767795592630763 -0.514395801347116 0.08979798439600922 0.02785847902759462 0.9955703024622033 22.01437926625454
0.9959270741011671 0.001915731491058095 -0.0901420714491573 -1.3606076955632351 -0.004310887508705819 0.9996425940277378 -0.02638371570464975 -0.5221758261159409 0.09005931001944266 0.026664849115467924 0.9955793823198986 22.991606456318408
0.9958883386575823 0.0005319294180991265 -0.09058771427151348 -1.4266426250914397 -0.0029023604730520967 0.9996567528195325 -0.026037527647487253 -0.53884519086514 0.09054277016707442 0.026193388352852762 0.9955480466441932 23.959777105074668
0.996241613839576 0.00034772824668058194 -0.0866171226685929 -1.552876826521276 -0.0024800487922009696 0.9996964747686099 -0.024511378851528428 -0.5977889159748128 0.0865823088876007 0.02463407031493814 0.9959400917562314 24.927846658053827
0.99646056894793 0.0007480729013022995 -0.08405816390395536 -1.6645475057172714 -0.0031478933902311483 0.9995910961332422 -0.028420613968520223 -0.6302894026419166 0.08400253150455417 0.0285846273034694 0.9960554672219555 25.891394142435104
0.9964856700619013 0.0011752579956280007 -0.08375516778043858 -1.7507675991210916 -0.004076795176186461 0.9993970562654271 -0.03448048243703538 -0.6653724387424147 0.08366414466410993 0.03470075930931482 0.9958896365566716 26.873499944925094
0.9965864964115526 0.0002575985402258035 -0.08255476251035337 -1.844413723946461 -0.003578377455703594 0.9991900771664481 -0.04007973187151597 -0.6912276306555712 0.08247757504275496 0.04023833166397657 0.9957802600373066 27.849071271477985
0.9966263022190563 -0.0019815494468733764 -0.08204929729718467 -1.9264614347480111 -0.0013551032312609532 0.9991749352334288 -0.04059079324805646 -0.7273069734336643 0.08206203397677161 0.040565037446838884 0.9958013357675973 28.8285421844912
0.9966552807711451 -0.003593057678907615 -0.08164154118773057 -2.0288409293795553 0.0005342904964753771 0.9992981043614366 -0.037456817180655154 -0.7625446476306121 0.08171882185064361 0.03728791434440515 0.9959576525129902 29.812496167210107
0.9965803124119889 -0.0073041297220555025 -0.08230632176101504 -2.1374886183271453 0.004421955033857541 0.9993724164755465 -0.03514568965756151 -0.8106103880444088 0.08251137634594935 0.034661547525038104 0.9959871735603153 30.836340858967624
0.996328016968147 -0.014348357624816675 -0.08440738852607582 -2.2072182336828483 0.011206783974443801 0.9992309313245755 -0.03757597473349023 -0.84486446704845 0.0848816269711632 0.03649206102280489 0.9957225712441369 31.826939035868758
0.99609294372455 -0.016636391847143207 -0.08672991368882213 -2.293372404573919 0.013146035401038675 0.999086516755924 -0.04066096149563882 -0.9402599960651302 0.08732713905423023 0.039361942315179206 0.9954017321070819 32.81895335316707
0.9958540267760622 -0.01609245330148232 -0.08953094605019839 -2.354551281234787 0.012084654652418576 0.9989081274347007 -0.04512775273411802 -0.9958040932714963 0.09015940591993547 0.04385870371590495 0.9949611528258396 33.84188718561361
0.9956110092542748 -0.014737560632145156 -0.09242035792129294 -2.4440993269177245 0.010321765382132066 0.9987903124325697 -0.04807674022067638 -1.0335830966085602 0.09301709203733614 0.046911790601766964 0.9945587486375317 34.852719883818715
0.9957478056427423 -0.013936150408559908 -0.0910609206490638 -2.5942592009446055 0.009515377034409305 0.9987631236169777 -0.04880246410531642 -1.0571509303770699 0.09162840802697671 0.04772846754975125 0.994648796424041 35.855812925917924
0.9958053028819955 -0.01043935869437573 -0.09090004698650654 -2.7327278553737915 0.00620681871109682 0.9988886772401782 -0.046721364308577956 -1.1219706748878875 0.09128676877612933 0.04596118222388809 0.9947634369914262 36.85995431201705
0.9957452537743835 -0.01158855198039123 -0.09141714854877107 -2.8576941308496644 0.007344574469023648 0.9988854691157465 -0.04662485190629912 -1.1718620401189188 0.09185557583325718 0.04575505493836863 0.9947205779192099 37.87884596880686
0.996007653537236 -0.009153475316852447 -0.08879734221740457 -3.0535173457980216 0.005018961122281848 0.9988976010864936 -0.04667325329245671 -1.2073685321869196 0.08912667459579143 0.0460412470864178 0.9949555967188801 38.8532634124076
0.9961949888814897 -0.008381951000899971 -0.08674841223232313 -3.1860406533939742 0.004466346070696581 0.9989664559623843 -0.04523352312976389 -1.2474825585174758 0.0870378991025594 0.0446739606412128 0.9952028141843449 39.8353980917169
0.9962390177868062 -0.0018715215402601388 -0.08662746011690434 -3.330054467648706 -0.0019958456783519215 0.999005807180645 -0.044535534344798414 -1.3063982616173533 0.08662468492993027 0.04454093203417353 0.9952448288407819 40.887283095334226
0.9962532820742797 -0.0035691514412205727 -0.0864098322774492 -3.4416517075969395 -0.0004287457756705149 0.9989319335146677 -0.046203986643015935 -1.338434510887636 0.08648244985710736 0.04606792118858622 0.9951876870741896 41.904874728794304
0.9960687037997173 -0.0037744181062168694 -0.08850362183951296 -3.519257131126448 -0.0005445755559186241 0.9988120667732708 -0.04872533946081568 -1.396134900110304 0.0885823952499362 0.048581982628000016 0.9948833852345292 42.95074463731489
0.9960497838487007 -0.0015909805108329045 -0.0887823004656445 -3.6205037994297773 -0.002965625903894397 0.9986856637582187 -0.0511678616594948 -1.461016842249879 0.0887470177411948 0.051229032636008316 0.9947359212661534 43.97186420197298
0.995993946325333 -0.001972035164296559 -0.08939893713351335 -3.745905814632404 -0.0026454142988970933 0.9986693854832677 -0.05150204152905457 -1.5359071792014567 0.08938154544691118 0.05153221881293348 0.9946634454717524 44.93588934310391
0.9955681768664593 -0.004126075084732384 -0.0939520128320379 -3.786400123761292 -0.0005764417376348179 0.9987505397020651 -0.04997026275453817 -1.6175517001079063 0.09404080457822199 0.04980296124960471 0.9943218755136844 45.98170893238803
0.9949771018695758 -0.0028565489804790465 -0.10006201518630238 -3.7885845483047635 -0.0021684713017976645 0.9987431399448896 -0.050074326208513514 -1.686438776362351 0.10007929100185975 0.050039789577350065 0.9937203605499988 47.04261572955707
0.9949237996367895 0.00015189387860904842 -0.10063105805140331 -3.885645448852628 -0.0054674621867714795 0.9986033977348224 -0.05254865259647766 -1.7844675444063134 0.10048253466912267 0.05283210161179207 0.993535117278574 48.02007078344596
0.9952500780975209 0.0007778940679663976 -0.09734822508756583 -4.089546708748606 -0.006580249153872843 0.9982186798202972 -0.05929728137863205 -1.8057608027687932 0.09712868972632786 0.059656199498817696 0.9934823377863363 48.96565106449616
0.994851091179834 0.0008322095323681506 -0.10134403685264033 -4.1341020338629235 -0.00721362958612404 0.9980115152813184 -0.06261772044782295 -1.8576680458809085 0.10109040472017722 0.0630263658573279 0.9928788482389628 49.99038277786763
0.994737958623972 -0.000701678767161874 -0.10244950619462474 -4.232690774376236 -0.005369081092306904 0.9982454151779756 -0.05896833085967685 -1.939800191365345 0.1023111266717307 0.05920809676944365 0.9929888391296762 51.00013035175713
0.9947178755002521 -0.0026416240598313647 -0.10261271842512 -4.338298717122719 -0.0030343066900320073 0.9984752008172959 -0.055118656875620946 -2.0355945572431953 0.10260185740607829 0.05513887172574474 0.99319311499911 51.982522137110024
0.9944162334833102 -0.00486252357910353 -0.10541684139316192 -4.400511908025691 -0.001028801548067788 0.9984436868739368 -0.05575971403222448 -2.1003192149804844 0.10552391270343914 0.055556817817648804 0.992863607874583 53.01349753770467
0.9941995100632623 -0.00725270731521187 -0.1073067212553371 -4.490363266525557 0.001031881265845643 0.9983210031396261 -0.057914677857555476 -2.174615559056835 0.10754659181500777 0.05746801655609058 0.9925377361400851 54.0091048131841
0.9941630879989425 -0.009941693358214612 -0.10742866095032459 -4.606233867840469 0.003548855022189063 0.998219860509586 -0.059535835529995404 -2.2549536185463683 0.10782930996922867 0.05880708135415674 0.9924286206544861 54.98678786101615
0.9944882709138015 -0.01142480132511082 -0.10422357185186278 -4.804436884113233 0.005510869130641548 0.9983672250490344 -0.05685520441715414 -2.349324152023967 0.10470295762920716 0.05596747146846269 0.9929274559609698 55.90429716431126
0.9944301090771795 -0.014500023027641274 -0.10439591703197906 -4.942783475760291 0.008884197545606522 0.998498222796396 -0.05405895028957222 -2.406336528641454 0.10502299364767977 0.05283037388319027 0.9930655176777824 56.875097021713536
0.9943069704296253 -0.014711750232192393 -0.10553299465175449 -5.0343291219116395 0.009419026598415061 0.9986808309329552 -0.05047652786198482 -2.4648791939419734 0.10613637686015084 0.04919514541262141 0.9931338817978327 57.84487091560808
0.9941845098745933 -0.012714627152658864 -0.10693689064950938 -5.155025751445815 0.007465173723646479 0.9987537925163074 -0.04934706795312096 -2.524221943121882 0.1074310546661997 0.0482617881005566 0.993040466598741 58.80632800916024
0.9939736178086379 -0.011574420180326839 -0.10900678831108934 -5.265142535837138 0.005469570599936864 0.9984080565990051 -0.05613765506013903 -2.5663782003991407 0.10948301648137787 0.05520312777087985 0.9924545751753329 59.77275788501938
0.9937564121862829 -0.010484788062405334 -0.11107773160239832 -5.3798172295234785 0.0031932526155834876 0.9978396342190947 -0.06561910940600521 -2.6285759676048506 0.11152576552698938 0.06485471147719843 0.9916430154157434 60.71460035425205
0.9935124895015974 -0.009654246744809403 -0.11331252677497762 -5.488192526478997 0.0016426938873254997 0.9975044453900593 -0.07058458035480271 -2.7040067049288807 0.1137111901315441 0.06994052435363488 0.9910489838005013 61.64274220776868
0.9932139815146024 -0.005080839921751222 -0.1161902405092713 -5.578311867540488 -0.003076547803497279 0.9975478398904339 -0.06992025445850907 -2.7817180923600486 0.11626057705656512 0.06980323914847651 0.9907628303619666 62.578035493340685
0.9931570703945889 -0.0034717621600516787 -0.11673465806153287 -5.70933670272641 -0.004637705642601625 0.9975971628613595 -0.06912591653887591 -2.8582595659168666 0.11669415243109439 0.06919427374046999 0.9907545746903809 63.46548063903237
0.9930798664663957 0.00084449546641093 -0.11743792252289893 -5.847458256457818 -0.00974708705897604 0.9971168214182613 -0.07525316430960638 -2.833253195372742 0.11703577706390418 0.07587708001861358 0.9902248712362749 64.35686658107558
0.992965517912548 0.0014682106523901377 -0.11839478279952703 -5.973097970558748 -0.010655513194892165 0.9969738969360219 -0.07700330425869271 -2.9087537772355048 0.11792345091295622 0.07772318306453702 0.9899763464543465 65.22098699197927
0.992617173997276 0.0025581271338803975 -0.12126253284188926 -6.08877869913537 -0.012080463925484923 0.9968913662257083 -0.07785670386027568 -2.9794670208591367 0.12068640469004108 0.07874680901603892 0.9895623940878026 66.13832484619078
0.9924126931836015 0.0029978443180647386 -0.12291484587924036 -6.202772317102429 -0.01268321302809092 0.9968655595162095 -0.07809092365774369 -3.0727673477017428 0.12229547217847754 0.07905737903497768 0.9893400569595691 66.98559695401202
0.9922167284936133 0.0017543975506122058 -0.1245105850386527 -6.3388949441399385 -0.011528329708510402 0.996900627146358 -0.07782182990222626 -3.187125774543987 0.12398814988362791 0.0786515205474984 0.9891617041737927 67.85224702923207
0.9920246450632971 0.0020902316874632375 -0.12602672144642146 -6.451456299767143 -0.011761838184224131 0.9970348329356601 -0.07604736073979998 -3.292853029935879 0.12549407455959524 0.07692316195044158 0.9891077112256162 68.67774686443859
0.9917907097550371 0.005565968776697311 -0.12775056960803857 -6.563582275554708 -0.015052873756821007 0.9971877687483998 -0.07341637998600696 -3.392787801150068 0.12698267218507664 0.07473669681063906 0.989085348751346 69.48186714774509
0.9916136327312766 0.007303383891170856 -0.1290312518935666 -6.688928655604096 -0.016456417293838517 0.9974102904722628 -0.07001356147124564 -3.4618688125241968 0.12818576251414918 0.0715497941560633 0.989165828991727 70.29689005762788
0.9916662080541734 0.010027596469987647 -0.12844290214914228 -6.866758527699917 -0.019118475901414706 0.9973818746773437 -0.06974152238311754 -3.5110686508560986 0.12740728269084944 0.07161594357503752 0.9892616140047032 71.06943962333246
0.9910896619419262 0.0125153486946826 -0.13260711911089726 -6.914527097563607 -0.022491707140956704 0.9970042868338475 -0.0740038860115948 -3.603302980731534 0.13128368178005434 0.0763270468574685 0.988402133150415 71.86141014119765
0.9906572557224251 0.012661078604480342 -0.13578622453359446 -6.984012324702347 -0.024116751013938374 0.996253061336071 -0.08305552419339109 -3.6417873662720703 0.13422586935851155 0.08555428023821161 0.9872506678285271 72.6490243282044
0.9902448708593852 0.011986467690431667 -0.13882154130029392 -7.063109789789729 -0.024589692781951764 0.9956893863268234 -0.08943149872949478 -3.7122580086806862 0.13715116749620526 0.09197266196224094 0.9862710513373121 73.39477857800438
0.9901111290514302 0.012313634474774258 -0.13974378889427272 -7.176153604207256 -0.025243951036046656 0.9955183273599378 -0.09113727462768376 -3.776427066528809 0.13799527189217406 0.09376371524472475 0.9859846198794942 74.12117124319174
0.9902092446244705 0.015610236310713035 -0.13871543671330314 -7.351851787161419 -0.028253605803071784 0.9955724906933444 -0.08965015077385777 -3.822719050356722 0.13670181278740715 0.09269161934595005 0.9862661294415729 74.8102225544136
0.9903174338850999 0.01564894451763513 -0.13793654584162335 -7.516404726401911 -0.028029039794566023 0.995701959444664 -0.0882721976969629 -3.899467824366637 0.13596232224932353 0.0912837252391742 0.9864996342802308 75.46205866688123
0.990273318936033 0.013001629369034772 -0.13852693397735838 -7.634993380267085 -0.026301036692870115 0.9951666521675069 -0.0946128420596107 -3.918327056232174 0.13662726401526687 0.09733597509383049 0.9858289398674777 76.12689986638266
0.9903242111370913 0.0039568560627921325 -0.13871661805926183 -7.707420683082491 -0.01831284798136377 0.9945779338529315 -0.10236880917372043 -3.955543057963279 0.13755942873722699 0.1039186065290161 0.9850270690608225 76.75359901613112
0.9903523181648907 0.0001660709133603246 -0.13857221339749864 -7.783374861474266 -0.015547514807663105 0.9938183396310546 -0.10992444039556952 -3.981078239136239 0.13769735178548512 0.11101837790845866 0.9842328784783804 77.40190137304432
0.9910077210372317 0.0017040168572346709 -0.13379384578950462 -7.920580867609733 -0.01644132051636666 0.9938923729302562 -0.1091221059673171 -4.085883646383237 0.13279073696713023 0.11034059705119656 0.9849830317412129 77.99566203608657
0.9912664701913078 0.007188848918114101 -0.13167803737032524 -7.996286019118783 -0.021428565052306368 0.9940231822945043 -0.10704545604978037 -4.159318454630462 0.13012148813423283 0.10893224275823435 0.9854958979180954 78.60671343383812
0.9919089896534027 0.0057104254198292615 -0.12682250307533577 -8.086379617742777 -0.019412786982779782 0.9940616795788368 -0.10707250298028256 -4.190834978276867 0.1254579608726771 0.10866815648765718 0.9861295715164632 79.16303415150064
0.992531329536443 0.0015587007776546571 -0.12198004074646629 -8.140633748378988 -0.014581618073709062 0.9942652682722887 -0.105943157975331 -4.221655404065276 0.12111538425392665 0.10693056980732484 0.9868621570096322 79.74912903430182
0.9930623183737692 -0.0014848922547332781 -0.11757987464319451 -8.124967619133937 -0.011142957860548629 0.9942322806808143 -0.10666773899518225 -4.223342752805165 0.11706009702813137 0.10723789977064119 0.9873180675631059 80.3021086443811
0.9940997116101011 0.00235453432109065 -0.1084445459432954 -8.152684253524871 -0.014139650032373472 0.9940466342896231 -0.10803406478714767 -4.288402458978374 0.10754456598861097 0.10893000057652802 0.988214764765594 80.83225633647034
0.9951898933221991 0.007977810224278683 -0.09763928908681417 -8.103752234626743 -0.018468022833725128 0.994086214298801 -0.10701182492458912 -4.401665311494357 0.09620815122413527 0.10830029125123936 0.989451887942476 81.35692957443987
0.996777446979036 0.01228141197559502 -0.07927097901403683 -8.167289301182398 -0.02081008587869101 0.9939680667647294 -0.10767740049661056 -4.453476590373839 0.07747039124516969 0.10898004024532036 0.9910205292063571 81.8797723500671
0.9982950054724518 0.010986127520649935 -0.05732701850664053 -8.18879164492213 -0.017121599425496015 0.9940404704491764 -0.10765869190312721 -4.52436420177884 0.05580262432783558 0.10845666466971775 0.9925337369615435 82.39211212851187
0.9994678372015857 0.007542225952234363 -0.031735740534500984 -8.17199789433841 -0.010938260644757548 0.9940649548812646 -0.1082368695545875 -4.570644323443636 0.030731040556009153 0.10852640372091416 0.9936184493263749 82.88196985598245
0.999974269939963 0.006680568960468701 -0.00261332286675034 -8.156834913336041 -0.0069241431267048435 0.9941040974613476 -0.10820859324711767 -4.615023432987235 0.0018750200005234446 0.1082239040550822 0.9941247763188853 83.35008850357619
0.9994917699910966 0.007512628223318842 0.03098002803818171 -8.137046177005837 -0.00413709098509514 0.9941839300817318 -0.1076159730031887 -4.670201645009402 -0.031608324825105186 0.10743311214155603 0.99370973640059 83.82215587724416
0.9975915217071004 0.00705149096881176 0.06900313248854711 -8.107157523299316 0.00042746473218021025 0.994175156873705 -0.10777557575372307 -4.728510218086379 -0.06936117856566397 0.10754549702456391 0.9917776933253346 84.26270964632295
0.9940016898455413 0.007583187870186784 0.10910149332587901 -8.023960275248017 0.0040335271882712 0.9943725096531061 -0.10586332086518176 -4.807942074775536 -0.10929030717603813 0.105668383672262 0.9883773679366897 84.68173352558911
0.9882676132165423 0.007864538992810418 0.15252958301166353 -7.915133270033234 0.008410201921617955 0.9943560119889119 -0.10576100380170288 -4.865033749486301 -0.1525004694121263 0.10580297939064251 0.9826237002948505 85.08938747165807
0.979607399007537 0.00922927510842108 0.20070915348001422 -7.787400150640034 0.01283897176155462 0.9940274713942747 -0.10837226083094138 -4.909625439394708 -0.20051060972875384 0.10873916771098 0.9736381713920866 85.50617464076294
0.9674498762130084 0.009521789363968618 0.2528835157592239 -7.630248904968916 0.018836565478372046 0.9938102415025444 -0.1094823624408635 -4.977803818211343 -0.25236069586291787 0.11068215489392033 0.96128223731203 85.8948640027708
0.9510226718464962 0.010185206699552746 0.3089532961443225 -7.46234069649182 0.025809929947075316 0.9933508512203821 -0.11219596203013883 -4.998481943536245 -0.3080417587764371 0.1146749665106933 0.9444363011371867 86.2811435135596
0.9309897126327237 0.011257273503953497 0.3648717977116047 -7.250684981956974 0.031980015597407624 0.9931663194295675 -0.11224054772280212 -5.046595093730124 -0.36364190294083265 0.11616340105206195 0.924267618539992 86.65173157453643
0.9058943349991108 0.013660415260790284 0.4232834119965298 -7.033503164594597 0.03811342266279927 0.9927942437166394 -0.11360878775883212 -5.072176108632889 -0.42178527810895355 0.1190503368244175 0.8988460360220463 87.00920209846895
0.8751623925098654 0.01290923410954698 0.48365704627464656 -6.832466159824623 0.047603779155628446 0.9924962355770109 -0.11262816066847038 -5.125914737047615 -0.48148174103127944 0.12159183377252551 0.8679808517549927 87.35028537043891
0.8410715522427509 0.0121654914097562 0.5407870605208034 -6.59366260778225 0.05632052316079109 0.9923437665133197 -0.10991745872722586 -5.184661619021235 -0.5379838684188084 0.12290585779740403 0.8339469452190701 87.66805779492022
0.8035007683425927 0.01240509174662777 0.5951744525528825 -6.344189371129111 0.06359786619445455 0.9922723619732906 -0.10654046686333722 -5.217423188115688 -0.5918968040869768 0.12345717218008559 0.7965026678856261 87.96658261780499
0.7630131877028193 0.01128275109531092 0.6462844380915465 -6.077886658388374 0.0685889999763412 0.9927894287498602 -0.09830920223850002 -5.282507288492453 -0.6427335563620661 0.11933922108948943 0.7567375541334823 88.24121168223195
0.7181493025785333 0.008942657128817113 0.6958315946329583 -5.799692750468799 0.07756936677585746 0.9926572572071475 -0.09281467045663944 -5.326590454260572 -0.6915522919808454 0.12063000703580531 0.7121824407120564 88.53609557601227
0.6735767849732421 0.010036813300292671 0.7390491033239189 -5.4783272342463185 0.08706988974224758 0.9918679589461985 -0.09282664658477333 -5.335342828023208 -0.7339708093959767 0.12687479810693916 0.6672253266775316 88.78172268537492
0.6279032750549522 0.00878513893718883 0.7782417995129289 -5.154909093563062 0.09663127725160497 0.9913192333063615 -0.08915477515876734 -5.377392050982386 -0.7722693011068029 0.13118307440649934 0.621603674021695 88.99816315943056
0.5839869622981054 0.012475899759551778 0.8116671607198505 -4.811232083902917 0.0996969019598925 0.9912100379634905 -0.08696659347136904 -5.399147464875626 -0.8056176236934197 0.13170805808910988 0.5776099305144989 89.19599945941908
0.5342701650028546 0.01945112460816214 0.8450899623941246 -4.487192883123741 0.09901010288832375 0.9914138891829207 -0.08541369832314992 -5.4248649772555675 -0.8394953188159345 0.12930643482314488 0.5277570043111328 89.42672834518419
0.4886935567604846 0.02288067685557694 0.87215542319441 -4.138899910210603 0.10216481893559468 0.9912777156426452 -0.08325166810433907 -5.456864306822137 -0.8664530901050823 0.12978815468650626 0.48209343238673835 89.61256370182522
0.4455332573013024 0.021654145835048766 0.8950034718405557 -3.788979523684336 0.11224274239615531 0.9904682737592516 -0.07983837082353971 -5.477651461699728 -0.8882013754874979 0.13602829354410462 0.43885603554878505 89.76532178362801
0.40676775107879654 0.01069745850805842 0.9134689710459624 -3.405256080334617 0.13029593784782487 0.9890290063952679 -0.06960311120304352 -5.54986435598582 -0.9041918852006224 0.14733359728947015 0.40091126929420384 89.87809534455333
0.37352008445507734 0.007982092662187005 0.92758774932909 -3.0287013301628503 0.13666746339645297 0.9885770929088357 -0.06354003324434543 -5.563998638168991 -0.9174991830827168 0.15050454336213742 0.3681625068769263 89.96822617722638
0.3401173094841801 0.015101251672006969 0.9402617550380235 -2.669316204446332 0.1362857043631513 0.9885233909257195 -0.06517447643790228 -5.561190549112455 -0.9304549546192356 0.15031120314418875 0.3341558313629492 90.08742353353735
0.3073163897375562 0.026848539919155392 0.9512285700623625 -2.305949077306884 0.12572739662643168 0.9896934165825779 -0.0685533581281144 -5.566231798326234 -0.9432652110282747 0.14066306223494146 0.30077341070392866 90.2368200438191
0.2759363384487426 0.035150943352421714 0.9605329501401494 -1.9550329584818773 0.11919068942642963 0.990366452178405 -0.07048311821712513 -5.583071879189696 -0.9537571581265087 0.13393543810728967 0.2690884273644161 90.36370528384175
0.24934453443088805 0.03335466279079325 0.967840260383685 -1.6198899092017656 0.12303768055087833 0.9902166079234019 -0.06582399681977219 -5.658834023333092 -0.9605670368663003 0.13549367462277262 0.24280121874305785 90.46431716559832
0.22158129425846274 0.03349414779312976 0.9745665047077904 -1.2330807005293316 0.1263993606376564 0.9899919260320781 -0.06276295102754174 -5.712485578807618 -0.9669151625996651 0.13709167901410296 0.21513005340946126 90.58060095449055
0.20319271227656147 0.03546518382634707 0.9784962659171781 -0.7669785172425498 0.13169183641110374 0.9892738143804746 -0.06320269301046358 -5.793699023710558 -0.9702422284668741 0.14170229679601934 0.1963427543413991 90.62334357460178
0.18547082411453872 0.03645890440570046 0.9819731776845094 -0.3458832349748355 0.13675504493412416 0.9886290209846642 -0.0625357222071326 -5.87115343605071 -0.9730871652053271 0.145888337972704 0.17837590015532467 90.6383478155842
0.16826000827046242 0.03572602367956783 0.9850950313796503 0.03829235687897631 0.13814864601325252 0.9886255965458632 -0.05945066407567418 -5.929883883004945 -0.9760140988846057 0.14609271400853815 0.16141064925242804 90.70441169532471
0.1525612696026408 0.02955849570555356 0.9878518888724456 0.4732179092297935 0.13914311899996062 0.9889539867546143 -0.051080373110565645 -6.001374038522054 -0.9784499228127073 0.14524567950123862 0.14676321451245947 90.77509190231761
0.13791187085698742 0.028471735932389206 0.9900351893391091 0.9006267171586142 0.13871542376655147 0.9891794786515258 -0.04777018132642372 -6.014871995383924 -0.980682592425292 0.14392122591087667 0.13247012359894064 90.84454853502977
0.12475514184200724 0.028691118471029266 0.9917726424462744 1.4003696318999697 0.13982301451964887 0.9890980191721398 -0.046202089567303414 -6.011214687641917 -0.9822859457381127 0.14443658882232155 0.119383385002909 90.9113098339976
0.11282534638512123 0.02852455436627925 0.9932053116104879 1.9052980881718007 0.14198977263544757 0.988866028149496 -0.04452957263180709 -6.04155206653383 -0.9834171778446883 0.14604906083245656 0.1075189571654505 90.95046540064179
0.10448753686517588 0.02928118176035092 0.9940950492958757 2.3783788001875785 0.1467349527974999 0.9881730369949385 -0.04452979433719121 -6.07296427993382 -0.9836418089260764 0.1505212986620641 0.09895519380872138 90.97944063412822
0.09647929227901345 0.027197568127780455 0.9949633352286299 2.9130286987216967 0.15107743106958393 0.9876442307796305 -0.04164712750147857 -6.144467758750096 -0.9838024984633632 0.15433459008156264 0.09117827768498435 91.023299741825
0.0917782249029006 0.029301679265856563 0.9953482651945886 3.4519366442674873 0.1537882958433916 0.9871572227063287 -0.04324092645065179 -6.151970128941599 -0.9838322608530672 0.15704148894774922 0.08609328228041849 91.05547392474145
0.08641313477987518 0.02884891310906939 0.9958416090673979 4.005926361053231 0.15415782675128453 0.98715426179158 -0.041974133440004835 -6.196808639324692 -0.984260196588705 0.15714389469255144 0.08085580852369323 91.08092878744691
0.08022326234897233 0.03029829780525005 0.996316335973769 4.580556620505841 0.15336836326236566 0.9872602242320442 -0.0423720993050153 -6.230427429620817 -0.9849072917428886 0.15620263377867655 0.07455443563124564 91.12721265845103
0.07815820426527 0.02849108875427637 0.9965337691055071 5.158347749220356 0.15762989419438228 0.9866644524974172 -0.04057184533931242 -6.27477899908908 -0.9844003817361597 0.16025453516067836 0.0726248745137546 91.14940007070106
0.07321265034972818 0.030902222464725872 0.996837479469704 5.729745091671522 0.15714747972143198 0.986676150090734 -0.04212890289726061 -6.284700771360333 -0.9848576432388444 0.15973486622796287 0.06738096960688615 91.22931952895223
0.07079645196602358 0.030181014164478402 0.9970340860637763 6.37176456964706 0.15888438882669112 0.986439591920147 -0.04114222258920854 -6.329802445894444 -0.9847556109899508 0.1613258747889334 0.06504113119706574 91.26929542438009
0.06924583178835671 0.02993296788208809 0.9971504561567988 7.027919865057203 0.1606316849980035 0.9861725121859376 -0.04075828729934497 -6.365540577929946 -0.984582386880164 0.16299629947530575 0.06348015282523768 91.31666236031035
0.06864833417372278 0.029561870112078305 0.9972028389704137 7.709898314066691 0.16429230886407392 0.9855788018292282 -0.04052730725044168 -6.394598213569008 -0.9840200422060948 0.16661488895154739 0.06280155504745698 91.36729827092505
0.073160753868755 0.028628734560084777 0.9969091732203326 8.362310617097993 0.16790403049142988 0.9849666184487319 -0.040607845133672084 -6.432131093818176 -0.9830848084667408 0.17035596878053733 0.06725402042076008 91.3419744477341
0.07975611854106915 0.03125183619548419 0.9963243870796683 9.090717235574028 0.16816030241145155 0.9847614695239995 -0.044350432171730646 -6.426355292391244 -0.9825278999846021 0.17107942855685665 0.07328543427248779 91.3116345703777
0.0853799732390481 0.03232422446234183 0.9958239827814003 9.820839760967202 0.16895296257182468 0.984529287002841 -0.04644329307744923 -6.45325828778335 -0.9819191191783075 0.17221273921107652 0.07859781069161238 91.35976822781979
0.09051186883847744 0.033982307361424886 0.9953154295929322 10.565379719346428 0.16784170117977595 0.9846014121468879 -0.04887967413383368 -6.465709874101449 -0.9816500216189299 0.17147962556742563 0.08341446559686322 91.42158652930961
0.09562126750215881 0.03191537054965356 0.9949060168297115 11.324327427938055 0.17010601674563022 0.9842597929092812 -0.04792288732026658 -6.52437503317466 -0.9807754667956453 0.1738219467870895 0.08868717239223549 91.47859459301915
0.10026953857324003 0.03291250941891955 0.9944158015428265 12.14162961761793 0.1687670277158487 0.9844072743494072 -0.04959847340317924 -6.539570623279829 -0.9805425589898011 0.17279781518212933 0.09315151677785506 91.56249445020762
0.10470797545119934 0.03399837744096449 0.9939217022523937 12.964589598165844 0.16482004812088463 0.9850012991022925 -0.05105675767439946 -6.546204515323744 -0.9807500148428959 0.16916427252281924 0.09753387763995058 91.66291620945553
0.10862378820193662 0.03576365958751232 0.993439395881587 13.791518511536946 0.16289429478657444 0.9852039782050369 -0.05327823246834199 -6.5615229162778395 -0.9806458694975703 0.16761289324474568 0.10119089215675445 91.77262341821876
0.1086362484920555 0.037737630840287195 0.9933650067986781 14.560268242629494 0.16022566844983543 0.9855489703967264 -0.05496327973977447 -6.623521591616315 -0.9810840436391655 0.16513357674474127 0.10101980572201015 91.96486031538386
0.11106568948315176 0.043695495354523856 0.9928520112813177 15.39579622134681 0.15768897235380905 0.9856019448995124 -0.06101634378012726 -6.664611333158436 -0.9812230126824543 0.16333863565004358 0.10257626180725431 92.08704538884726
0.11209733950131298 0.05024348959311889 0.992426207952126 16.227927005448386 0.1516861866504134 0.986151289354824 -0.06705919238456978 -6.73052218316818 -0.982051672396205 0.15805450407160448 0.10292369254207544 92.204677761414
0.11250522206695078 0.05341243869122165 0.9922145364792462 17.07665341247904 0.1486133386742593 0.9864182072714598 -0.06995138262711974 -6.80521984319245 -0.9824747582384781 0.15532621078366712 0.10303939861932258 92.28656143006098
0.10731108085979199 0.053042590081941836 0.9928095565424948 17.849092862836816 0.14805589096776287 0.9865890370297095 -0.06871335505219292 -6.894208716330214 -0.9831397586683417 0.1543650078553614 0.09801866799425991 92.49898718424664
0.1058506596316847 0.05233308838381653 0.9930039706445044 18.691295767829278 0.14573006742886435 0.9870154526634137 -0.0675517849565141 -6.96212043331213 -0.9836454571148671 0.1518609365960977 0.0968497322321541 92.62574037200807
0.10700842749074867 0.05233165619991366 0.9928799495434147 19.520074711276155 0.14677969526844434 0.9868406425620943 -0.06783264143855473 -7.013185271329783 -0.9833640818653384 0.15299328072501367 0.09791904079461354 92.69076606368809
0.10660807189837182 0.050949317322456465 0.9929949073738946 20.360297018124246 0.14571084035785642 0.9871037984578067 -0.06629058811304214 -7.110881031533436 -0.9835665051272938 0.15175723420826187 0.09780936487443179 92.8056263799209
0.105987047212274 0.05548442433055484 0.9928183240049171 21.204697340262054 0.143051138228908 0.9872052976718224 -0.07044197683269732 -7.131547851438763 -0.9840239416165835 0.14948972842771252 0.09669386443808906 92.92805479929304
0.10545018305025754 0.05750255077266056 0.9927606537072807 22.053730693467827 0.13972618926524824 0.9875658769927503 -0.07204325529116541 -7.203350126034584 -0.9845592165675354 0.14631163745298426 0.09610439021057852 93.0366347559142
0.1050686982916477 0.061509410640425595 0.99256091049465 22.91168366038607 0.13581620135077638 0.9878458767421892 -0.07559420119359336 -7.246066766685103 -0.9851469576108652 0.14274843679045848 0.09543770588156587 93.11570896509309
0.10049106923849659 0.0609756856956904 0.9930677271753657 23.729519973569055 0.13332306995944584 0.988293075760666 -0.0741738189667153 -7.334261794502435 -0.9859647580009602 0.13985264444213644 0.0911851622943604 93.24729460584336
0.09790541648372025 0.06036133019211628 0.9933634980411703 24.5490530219346 0.1331832575542367 0.9883856169296498 -0.07318532744910876 -7.40288390195399 -0.9862437575621914 0.1394646265689965 0.08872918688672346 93.3246383805325
0.09446889016143731 0.057544884982397106 0.9938632778224736 25.387193793664448 0.13100624590341203 0.9889275328689038 -0.06971153611931112 -7.500378633116349 -0.9868703016739132 0.13678786841742172 0.08588414712772643 93.382375495684
0.08915765361670276 0.05422957901025656 0.9945401276780826 26.182783347746778 0.1289024725835416 0.9894910773189141 -0.06551000280949801 -7.601401764861714 -0.9876411622463966 0.13403939968017378 0.08123037590683141 93.42875422682425
0.08323527934845461 0.055478765883247794 0.9949844193794489 26.99990332841766 0.1283456817997789 0.9895367738125491 -0.06591175339799259 -7.658623845109291 -0.9882303750822146 0.13318813689184017 0.07524390976116055 93.47137299878496
0.07389208872645486 0.057872229512200286 0.9955856388452637 27.878427716415146 0.12790308015611163 0.9895201443917635 -0.0670125803821856 -7.733971896944301 -0.9890302125366146 0.13229016930288778 0.065715673895899 93.5717526159055
0.06457976204658072 0.058336642875571394 0.9962059477999606 28.694548287856154 0.12737971411951618 0.9896416928577271 -0.06620972880565594 -7.798399005269287 -0.9897493939199141 0.1311722373663578 0.05647992014394497 93.60332410459435
0.0573233962019279 0.06107894424483769 0.9964855196227467 29.508572153147707 0.13055988672262211 0.9890963174699022 -0.06813655954368782 -7.8123350109247705 -0.9897818669923454 0.13400685556123737 0.04872390004645192 93.61574989726255
