1.0 0.0 0.0 0.0 0.0 1.0 0.0 0.0 0.0 0.0 1.0 0.0
0.9999846854481389 -0.0033521823511275845 -0.004403605644405 0.0023972886635557577 0.003328923632846953 0.9999805276725208 -0.005278498198693372 0.03645187762088338 0.004421214384455915 0.005263758093959568 0.9999763725779199 0.6847396328579395
0.9999463343954441 -0.0015728659679103009 -0.010239844811403019 0.005980682124955014 0.0014983481368895006 0.9999723716985368 -0.007280851080993505 0.02224157310214041 0.010251013704766353 0.007265117497323347 0.9999210642774633 1.3864124362109345
0.9998697926582308 -0.0008101660579506641 -0.016116493432045655 0.008614493516152002 0.0006566026820449626 0.9999543601052622 -0.009531347197185286 0.02032036024440502 0.016123479850967584 0.0095195240129906 0.9998246906633491 2.11982208118945
0.999775679971588 0.0007582773059207955 -0.021166358989595 -0.021192877037531005 -0.000977722314031315 0.9999458639591181 -0.01035920895286488 0.005429363139670906 0.021157357973663183 0.010377579996309122 0.9997222974591468 2.8729712133703784
0.9996432320664866 0.0009702204136791142 -0.026692082272042637 -0.03549038184175923 -0.0012719866594709745 0.9999354478130187 -0.011290804086318159 -0.00427365251479137 0.026679404671145504 0.011320727862040074 0.9995799370170788 3.6274295483843284
0.9994413924431477 0.002367781577359145 -0.03333611677602038 -0.041066297918858526 -0.0027209649343105046 0.9999406109790111 -0.01055323953808669 -0.05382513376163447 0.03330914921052175 0.01063805082352502 0.9993884792479587 4.409533167394966
0.9992104936841801 0.0039826634293178165 -0.039528821174254665 -0.07994629236400214 -0.004468810938760136 0.9999153736059796 -0.012217829398393387 -0.07335307044875357 0.039476816490328186 0.012384830173377494 0.9991437318731303 5.1873714007293135
0.998982173754478 0.0036347040312616164 -0.04496004278671596 -0.11745996589699789 -0.004094825412698129 0.9999401422789587 -0.010146145276699308 -0.11346346859260889 0.044920473345877836 0.010319921789504798 0.9989372604366308 6.007471689725548
0.9987560268975584 0.0028054333317601467 -0.049784819770938245 -0.16380693670152452 -0.003203591385543776 0.9999635079002749 -0.007919587742524492 -0.13550095121930922 0.04976078514290369 0.008069226208139355 0.9987285676550781 6.815323886332377
0.9984410441488927 0.002181382905482049 -0.055773855232436685 -0.1775766713896592 -0.0025452986270223564 0.9999759292415825 -0.006454641146707809 -0.13952254317731325 0.055758432669582934 0.006586539763272183 0.9984225631866395 7.677646475007555
0.9982964716335291 0.003995228067210549 -0.05820818565062495 -0.24047929823022024 -0.004482185806703827 0.9999560247071309 -0.008237636937012236 -0.1493549376135288 0.05817271469031534 0.008484503792374554 0.9982704786083564 8.52155343146608
0.9982224880820473 0.003107782604576887 -0.05951643449140585 -0.34634720957595955 -0.003916019256921764 0.9999016308212815 -0.013468239458849037 -0.09306772683257314 0.05946872354832019 0.013677367006268752 0.9981364638922425 9.34919235419012
0.998127539289809 -0.00036684283232704863 -0.06116600965901986 -0.42345876588119225 -0.0005893415144547137 0.9998779229492448 -0.015613836020756614 -0.10434261582356566 0.06116427051678355 0.015620647395037988 0.998005474627825 10.177919611939892
0.99801637681439 -0.0011238037758847894 -0.06294480657966173 -0.48514239385713454 0.0001445273995567791 0.9998789239904267 -0.015560092274052873 -0.13272230611952654 0.06295467196410838 0.015520129665037302 0.9978957033944341 11.00941671545028
0.9979534188542735 -0.0031855906375024582 -0.06386568569551133 -0.5662081670057987 0.0022405117897064323 0.999887013315679 -0.014864074460638515 -0.18075314619718227 0.06390582057987965 0.01469056210434028 0.9978478007597509 11.838985016805607
0.9977112617828976 -0.001153699146561057 -0.06760848386007601 -0.6063902924513612 -5.427458261241097e-05 0.9998404489964144 -0.01786263152276361 -0.20150983225712962 0.06761830496136835 0.017825418057582098 0.9975520133332519 12.734584920684698
0.9975815356636576 -0.0006535280947347863 -0.06950289637107977 -0.6740315111333267 -0.0008518668609417281 0.9997657329297099 -0.021627611573426683 -0.22111912252735308 0.06950074838295549 0.021634513180314154 0.9973472784409956 13.63309586944461
0.997488285725968 0.0027676781890749753 -0.07077753737530296 -0.7624116184772711 -0.004494331515668339 0.9996958739444451 -0.02424789893329475 -0.24013897124017056 0.07068890170103052 0.024505092856256017 0.9971973624114783 14.530262677976776
0.9972767075258278 0.0019006144322454848 -0.07372622526093263 -0.826392376762997 -0.003613598426389399 0.9997264445138913 -0.023107964991016985 -0.2889051322574462 0.07366213771578066 0.02331145221545015 0.9970107650686371 15.442787482365596
0.9969523725809811 0.0009790685879234092 -0.07800646274414814 -0.8562746604466734 -0.0028131760821988325 0.9997220879423749 -0.023405830907458767 -0.3099244464326826 0.07796186789376312 0.02355394457066917 0.9966780617880971 16.399440249156118
0.9967031518883691 0.0023874595296484503 -0.08109948860989347 -0.9036563854497631 -0.00426773295553724 0.9997259103645433 -0.023019352753818573 -0.33090987329798377 0.0810223023075262 0.023289572404378935 0.9964401549245242 17.347758219808245
0.9965042270428084 0.003136273266290509 -0.08348346708070659 -0.9643026413609702 -0.005125142344365046 0.9997078745779929 -0.023619873469203176 -0.36466946967136543 0.08338500105994037 0.023965168406467088 0.9962291966718725 18.28391900411592
0.9962203208804049 0.003684240386617866 -0.08678420730592437 -1.0186324042171648 -0.0058726328599097485 0.9996708343876797 -0.024974688345040866 -0.4008672224167438 0.08666362817374275 0.02538994382453083 0.9959140355996351 19.234990386961833
0.996015218951129 0.0028412274892341263 -0.08913815706020664 -1.082380577130366 -0.005378561973406355 0.9995867600721833 -0.028237920594349895 -0.4186952876780239 0.08902109125838585 0.028604833765449672 0.9956189074120769 20.184786876356117
0.9959892086406188 0.0028202319441268772 -0.08942898055561391 -1.1784944381396576 -0.005308513804587422 0.9996049935919926 -0.027598486682031447 -0.4504270297357446 0.08931582140148261 0.027962529887924935 0.9956107577611071 21.128258683048053
0.9960339806479706 0.005610658583017615 -0.08879656471296837 -1.2890442516907308 -0.007811826530749928 0.9996702676506174 -0.024460812365812292 -0.49140081802964375 0.08863004434622065 0.02505746367066745 0.9957493855150402 22.068093633876916
0.9960185331117144 0.006628895584467675 -0.08889960315614727 -1.3797482211034324 -0.008484947697260988 0.9997535102617725 -0.02051644174408073 -0.534745099347944 0.08874168896615046 0.021189064693698523 0.9958292705965421 23.020814230731112
0.9962156543374256 0.006693803662675238 -0.08665773505914938 -1.4876760000860427 -0.008818949360144 0.9996691119043466 -0.024163874618075315 -0.4792810760641017 0.08646731281379912 0.02483666034112495 0.995945050752229 23.985691874360196
0.996130859449208 0.006835973285986385 -0.08761609625072847 -1.5471694084119156 -0.008872204535310894 0.9996990310731028 -0.022872062831826134 -0.5327853616199397 0.08743337371774719 0.023560915532565323 0.9958917051665809 24.952233436464375
0.9963705810905217 0.006780373091834238 -0.08485099691855723 -1.6624198967181023 -0.009142020762484377 0.9995806764546527 -0.027475347401575596 -0.5578721903208593 0.08462912379149262 0.0281513374317189 0.9960147657575613 25.918083275752164
0.9964178005139827 0.0078024930895911355 -0.08420622257568229 -1.7512364402275686 -0.01066834090006309 0.9993771567422881 -0.033637554669446304 -0.590634340416301 0.08389131850983454 0.03441539892674261 0.995880428061218 26.89919024730413
0.9964896580866472 0.006657641188132131 -0.08345080670771426 -1.8399985131295418 -0.009927585992066638 0.9991964908806176 -0.03883060195554249 -0.6168266202527501 0.08312523300856561 0.039522758325675506 0.9957550638644033 27.87883829914202
0.996574165433207 0.004421111309644592 -0.08258563171578925 -1.932934287390817 -0.007608080879007589 0.9992367423186279 -0.038315139381113944 -0.6617108677573429 0.08235320210196274 0.03881219621772839 0.9958471587188015 28.872670618423573
0.9965506364925365 0.004476616842204895 -0.08286608961432756 -2.0158172793106375 -0.007484115998409071 0.9993230979948984 -0.03601852053597974 -0.6795442093405871 0.08264875627645 0.0365144589926584 0.9959095728882363 29.885007726029983
0.9964392840833561 0.0013189007963654198 -0.08430310573246477 -2.1014110045200356 -0.004424160787520972 0.9993180664162538 -0.03665827240072837 -0.6697751975815013 0.08419726798878897 0.03690071320136233 0.9957656137005608 30.894649203386855
0.9962310108620924 -0.005948956052756087 -0.08653544313503383 -2.1783907842397174 0.002627668599654983 0.9992572994257851 -0.03844404898052478 -0.7162997584837433 0.08669987516960262 0.03807176731081693 0.9955067414032946 31.891861805484808
0.996069848450566 -0.008187529008646208 -0.0881919575494278 -2.2786133443000303 0.0043756541167180325 0.9990512586019191 -0.04332939345262209 -0.7638114529161686 0.08846304685414319 0.042773204867695744 0.9951606615449728 32.86708269251741
0.995485235471785 -0.005919513982449783 -0.09473175450659409 -2.2484436657588125 0.0012970347270761786 0.9988085672122303 -0.04878282243134257 -0.8156040656148349 0.09490765858771764 0.0484397090996915 0.9943068595377056 33.942674253743114
0.9952103063607968 -0.004580472003709209 -0.09764970757494981 -2.3431917252471473 -0.00047639367609701055 0.9986625641359148 -0.05169967159029945 -0.8571116626422673 0.09775591625224193 0.051498565705296 0.9938770942968664 34.95288649577525
0.9953065518253292 -0.004474928118474176 -0.09666872768330312 -2.492428133882133 -0.0005050355885505081 0.9986764752216397 -0.05142997936938631 -0.905255156529568 0.09677092968773429 0.051237416574371746 0.9939869789439679 35.95745904728507
0.9952904264539539 -0.0019404980889569919 -0.09691853009757367 -2.6216441089391926 -0.0029960389238954223 0.9987062123670299 -0.05076342315355866 -0.9300444284888927 0.09689164442754614 0.050814720767387044 0.9939969182011879 36.958824670567495
0.9952631090535283 -0.002077643748032964 -0.09719581860122316 -2.7516518345442065 -0.0029694941304651526 0.9986554457886432 -0.05175405975665448 -0.9742988884368702 0.0971726600526853 0.051797528832392185 0.9939187542979272 37.974938161635905
0.9957333670698697 0.0005955290851622102 -0.09227517027245076 -2.991326611956999 -0.005508671186221322 0.9985793752625753 -0.05299892302647855 -0.989869967436382 0.09211251948276705 0.053281109647915915 0.9943220841906429 38.917566881431945
0.9961391064299058 0.001325786472043984 -0.08777882963027306 -3.1783988492277677 -0.005946580667046594 0.9986084294661025 -0.05240078985677707 -1.0127005149809096 0.08758720693914299 0.052720459875406606 0.9947607924979381 39.87241516477285
0.9958707565657988 0.006345685610499431 -0.09056030306484923 -3.261926446459385 -0.010899235533275646 0.9986959266760005 -0.04987637422221515 -1.0961144081183145 0.0901257059992032 0.05065746060450498 0.994641231200099 40.91376660713796
0.996247299183635 0.004076287655304719 -0.08645636326069653 -3.4542995560930234 -0.008598155094962095 0.9986103500497473 -0.051994619937872674 -1.1179006729157426 0.08612427415239723 0.05254286490544716 0.9948979127273566 41.878878585329275
0.9960998835030371 0.004256442573409657 -0.0881300447172032 -3.5293382060634375 -0.009130575005361762 0.9984458660462097 -0.054977133203776854 -1.1746916079300058 0.0877590718120265 0.05556739396312949 0.9945906746208905 42.91643171118631
0.9960223499058017 0.007846656473489892 -0.08875758260741835 -3.6381737990414846 -0.013122773479289966 0.9981706754774017 -0.05901775523687422 -1.227185165832064 0.08813212413380773 0.05994774890832352 0.9943032716915337 43.98306994923954
0.9958761298627731 0.008363104219877706 -0.09033710454377727 -3.739985309446199 -0.013759008211265389 0.9981469114359469 -0.05927421769979593 -1.3080139055157352 0.08967398542826235 0.06027272748671615 0.9941457512149432 44.97853930989257
0.9957044157460061 0.005318915249299163 -0.09243606225102922 -3.8336563784427606 -0.010622558250926459 0.9983188393118545 -0.05697943779327727 -1.3995747101195402 0.09197759357643062 0.05771658527323901 0.9940869771123076 45.964786509585245
0.9949854787015402 0.006525114459226514 -0.09980641289196725 -3.8153541893678735 -0.012231969893676631 0.9983177658352822 -0.05667466215312961 -1.4802849125091575 0.09926870647685525 0.05761129489037026 0.9933914951394877 47.0437052920131
0.9948287706458554 0.009964517641823772 -0.10107633493267638 -3.9004960669880515 -0.01596007211445684 0.9981490765242956 -0.05868302251757005 -1.6034365053637822 0.10030450235835947 0.059992744743527886 0.9931464531401095 48.05699231438248
0.9948120678943053 0.009977325091687052 -0.1012393330473468 -4.036555860944527 -0.016596105028036857 0.9977636650611166 -0.06474749401874048 -1.644886753305988 0.10036692119296674 0.06609176701997968 0.9927529196443702 49.040236117461625
0.9945587440299614 0.009761517801739297 -0.1037189348371496 -4.117486618746771 -0.016866023339490503 0.9975534317959835 -0.06784311290594358 -1.708361602103629 0.10280292763466581 0.0692232871385287 0.9922901262168632 50.07190843203223
0.9946338967299723 0.00789020932503535 -0.103155979334978 -4.254507103520942 -0.014513425564562197 0.9978690485868807 -0.06361385344951444 -1.8045768635106523 0.10243423233535366 0.06476964157011778 0.9926288941879262 51.05635359444321
0.9944665045195523 0.006993900332621719 -0.10482107014718672 -4.330663742626875 -0.013654095621095716 0.9979228651556364 -0.06295649984184926 -1.845671514385184 0.10416303116477593 0.06403936724940497 0.9924963588753674 52.050361565543795
0.9946787589437392 0.004518646691127707 -0.10292593617851646 -4.495179181882544 -0.011288551000414182 0.9978026494239169 -0.06528737564739995 -1.8798335127207793 0.10240476122941916 0.06610185046346619 0.9925441099733812 53.03265111012163
0.9945940674573828 0.0019338042692731514 -0.10382148804379586 -4.604643127151569 -0.008918844160331944 0.9977226816883251 -0.06685734562112366 -1.9724881225288797 0.10345576444753395 0.06742188699307396 0.9923463074737919 54.016857717522775
0.9945101492461009 -0.0006206522217091353 -0.10463831916328879 -4.7103418288016075 -0.006817886665767925 0.9974732314460333 -0.07071540829283672 -2.0281890127724043 0.104417812024153 0.07104060345625994 0.9919930207378774 54.99527542304446
0.9946043271591279 -0.001509975544599735 -0.10373019025430211 -4.856333083248538 -0.005711838333898529 0.9975802906786179 -0.06928880539029045 -2.1152441768577304 0.10358381774768878 0.06950743574194689 0.9921890490614138 55.94288732652013
0.9946250726736039 -0.004007098598224619 -0.10346452517579663 -5.002678566920913 -0.0029641247905677352 0.997739405513568 -0.06713637352180829 -2.1768335398628946 0.10349965590887196 0.06708220215718887 0.9923647511779562 56.910676183795815
0.9944890503094133 -0.00427214995846286 -0.10475341306809345 -5.09271011643563 -0.002335328582569034 0.998018813470829 -0.06287284150324267 -2.2541613287348867 0.10481447922445469 0.06277098607647381 0.9925088051256238 57.88573286308522
0.9943763603483424 -0.002667419203372015 -0.10587038705501207 -5.217052587409676 -0.0038765121172959095 0.9980960479889481 -0.061556897604161075 -2.324491586089075 0.10583301296943715 0.06162113163224301 0.9924727751944497 58.85446426163948
0.9940936061145008 -0.001511255943960955 -0.108515521413946 -5.318357479332742 -0.0059506269102590215 0.9976397837004025 -0.06840652028564513 -2.3848438903646803 0.10836278107193284 0.0686482198144085 0.9917383372617339 59.80017096679388
0.9938544810125338 -0.00032257520143770654 -0.11069402204521873 -5.425922950872057 -0.00829637782822108 0.9969661121701376 -0.07739341896629859 -2.459606545162466 0.1103831539966102 0.07783615567074899 0.9908365617921854 60.74288961381533
0.9936265488467905 0.0006019840501620129 -0.1127205351389919 -5.540430938543311 -0.010115628934516504 0.9964272612900931 -0.08384740311533213 -2.5268701486848406 0.1122673393203764 0.08445324489401942 0.990082670259809 61.673331886580705
0.9934978895229306 0.004614761949297133 -0.11375696675647945 -5.6781662874844905 -0.013791134963507834 0.9966984817858255 -0.08001213034440324 -2.65465400457837 0.1130121591241481 0.08106072031497628 0.9902814809497928 62.54119101661113
0.9935825452235899 0.006315462561201465 -0.11293290379535778 -5.806352102192293 -0.015215477899104869 0.9968277862841708 -0.07812076371939934 -2.749708841644287 0.11208128773044732 0.07933775535291164 0.9905267818268447 63.448246331948994
0.9932381676806362 0.007964734795086848 -0.11582100527131016 -5.909192530475531 -0.017041108933405408 0.9968398618640929 -0.07758795270592515 -2.8366569146296334 0.11483702742901668 0.07903703434733002 0.9902351257821779 64.32899107436155
0.9931135185134756 0.008562785666124036 -0.11684270643656507 -6.027259334725623 -0.01792301458650197 0.9966899863037139 -0.07929588104079549 -2.9173378097071616 0.11577696184438999 0.08084398495583946 0.989979770097623 65.19481637386212
0.9930661963559463 0.009682483463607488 -0.11715707050413504 -6.184510955991392 -0.019085155104586728 0.9966598432223329 -0.07940348709389201 -2.9990126343645183 0.11599692457029956 0.08108887976790034 0.9899339912682152 66.08700963523866
0.9926616500996565 0.008835148041400297 -0.1206017768547146 -6.296608418921064 -0.01873630718604113 0.9965206643940762 -0.08121278365270125 -3.06659563492395 0.1194646358319404 0.08287644776820924 0.9893733851235662 66.99046577264528
0.9924164946743104 0.00857040710129348 -0.12262156914863309 -6.384176913293031 -0.01867527522046685 0.9964986318769188 -0.08149669172960376 -3.1691392168086114 0.12149376606968246 0.08316865268566258 0.9891017339064047 67.7939495704298
0.992108731032147 0.00788801788073725 -0.12513211012244863 -6.507518444827347 -0.018064159925922082 0.9965991101290902 -0.08039838192449908 -3.247791884241859 0.12407236572240474 0.08202434311727283 0.9888771689144336 68.64410278623328
0.9919186888155176 0.011503951309469563 -0.12635257766573016 -6.622955214684556 -0.021600674215993987 0.9966538470396997 -0.07883222725753002 -3.32738107806745 0.1250229005099446 0.08092446036420471 0.9888480702629915 69.47354824716678
0.9916639192015266 0.01281448858339236 -0.12821255880846777 -6.731845480371362 -0.022625508103274735 0.996899647342382 -0.07536033115442511 -3.4061752626413773 0.1268493505578067 0.07763299563318478 0.9888793456494479 70.30382743440336
0.9916038355032751 0.015534135644424863 -0.12837649335051654 -6.880261192807695 -0.025222318460890257 0.9969251552282407 -0.07418941652693577 -3.4768512750736864 0.12682928710141056 0.07680446278003875 0.9889466145502585 71.04325566993171
0.9912933545105214 0.017495269131382288 -0.13050440935577284 -6.977405268228076 -0.02806643658838048 0.9964310225685409 -0.07960836890832375 -3.557756676225874 0.12864587222491447 0.08257804079193128 0.9882464807619894 71.82697117902477
0.990643303138654 0.016650996052163514 -0.1354569683589916 -6.998444449267669 -0.028564378868702143 0.9958433604428033 -0.08648744256729707 -3.65551403592531 0.13345382050126264 0.08954744994949387 0.9870011813575299 72.61543450517968
0.9903595112486496 0.015597073100039372 -0.137640000690384 -7.09593895496697 -0.028515301317655267 0.9953146100242646 -0.092388877377153 -3.733217615079071 0.1355541075368068 0.0954230495370973 0.9861640459613908 73.32517285145278
0.9900505168753034 0.01602518412783141 -0.1397968794666563 -7.180584214197487 -0.029762149062387302 0.9948651753544767 -0.09673415813504492 -3.743400193945977 0.13752886430903855 0.09993235882624181 0.9854437249997023 74.06982212457068
0.9900705262378591 0.019287994892463592 -0.1392419704260122 -7.338920759012302 -0.03280556259897434 0.9948937360412932 -0.09544762463447592 -3.786541316649439 0.13668997087443874 0.09906779112722433 0.9856477183170047 74.75953237631514
0.9900119938976668 0.019082755931486728 -0.13968571997461499 -7.4731919289796105 -0.032276757999612236 0.9951607230475452 -0.0928081149281837 -3.8985995990116615 0.13723870748371864 0.09638974908955726 0.9858369811681089 75.42954384230865
0.989954551130663 0.016233460863559472 -0.140450921834212 -7.59199037811946 -0.029824919274366018 0.9950099574599173 -0.09521375292410524 -4.012483598494804 0.13820441702769912 0.09844622544316417 0.9854987974675703 76.07524840020962
0.9897927499703097 0.0077683239950941535 -0.1423023726032702 -7.634414226455435 -0.022374276642251438 0.9946012289447151 -0.10133008993581287 -4.0878474697492 0.14074694970388757 0.10347970102378141 0.9846228961511506 76.72118440253003
0.9899927284816885 0.00328000725783255 -0.14108025767544824 -7.738606689411701 -0.01859917900479848 0.994041470014692 -0.10740403358989457 -4.146845246308604 0.1398873407200584 0.10895318923014748 0.9841548325659177 77.35185941746509
0.9906557672972235 0.004819663093371923 -0.13630084947797103 -7.877455242407956 -0.019505418778419582 0.9941089043027126 -0.10661625122062904 -4.249949118511447 0.13498403371891265 0.108278609308248 0.9849137289160117 77.94553614545083
0.9907996054400691 0.011438718274051168 -0.1348528738442408 -7.925884047223556 -0.025599350460900012 0.9942742068098978 -0.10374716829162295 -4.345157091575759 0.13289399954769887 0.10624479938706279 0.9854193155644042 78.54372944080363
0.9909428305719231 0.009644884655715084 -0.13393760763162588 -7.926148120472258 -0.02345893749082177 0.9945132192391052 -0.10194672633524997 -4.406602120978881 0.1322194569263808 0.10416541152729437 0.9857320032602381 79.13083748266902
0.9913922678241099 0.005673691997397756 -0.1308020661827913 -7.943034211865407 -0.018940675474583755 0.9947659913952883 -0.10040853139010167 -4.441614142627488 0.1295477599618576 0.10202172113069458 0.9863107757225386 79.73742685669178
0.9922116567648284 0.0019137784011213493 -0.12454864765314135 -7.975534323043407 -0.01414213141766565 0.9951476172848706 -0.09737155606855537 -4.514954176283906 0.12375794236718853 0.098374576311554 0.9874241309774447 80.26622470367725
0.9934220404111904 0.005725050186350279 -0.11436727427735337 -8.023519379156554 -0.017206679530581658 0.9948728020639177 -0.09965961013882277 -4.55308980629839 0.11321033435512592 0.10097193428796965 0.9884270780797875 80.77692265765471
0.9948580908800756 0.010712747430972032 -0.10071055581681589 -8.053041134468963 -0.02072244454428874 0.9948838778407624 -0.09887694324076321 -4.649765090692101 0.09913606459084714 0.10045549589250173 0.9899902696705815 81.27935710697102
0.9964774607342536 0.015236581373481384 -0.08246524623539152 -8.114381400341035 -0.02348824332531109 0.9947064351417676 -0.1000370447036936 -4.687339118190072 0.08050448853390361 0.10162162405515417 0.9915604231968352 81.80110665727031
0.9980579157518716 0.01335219601734413 -0.06084501348955904 -8.133528377491514 -0.01939005958204614 0.9948235285292838 -0.09975055224885337 -4.756586250857055 0.059198162086629695 0.10073661670942173 0.9931503973011859 82.30721270339629
0.9993445063268351 0.009683722597504931 -0.03488241951225763 -8.130105448453481 -0.013121149705529396 0.9949306247797519 -0.09970399844428963 -4.812511845216439 0.033740081576363073 0.10009634055263156 0.9944055156238784 82.79846342076468
0.9999449723687249 0.008929676063769045 -0.005505735183131832 -8.122860374639131 -0.00943260189767189 0.9950080496900716 -0.09934790925531056 -4.861812938547196 0.004591106179415145 0.09939437578332855 0.9950375268333811 83.26438322026362
0.9996054535431168 0.008152342387591332 0.026878924094093516 -8.089007433282786 -0.005480313842584492 0.9951688657965879 -0.09802496982565628 -4.926940996607025 -0.027548201521103866 0.09783898948133879 0.9948209028414224 83.73528613905604
0.9978205055729686 0.007719219270659425 0.06553359681840909 -8.069267481013428 -0.0012371778369428556 0.9951480178904828 -0.09838135941144985 -4.979120187726985 -0.06597505626451652 0.09808586107332988 0.9929886483784178 84.1866847281024
0.9943260284542238 0.0066442166059345956 0.1061678083231658 -7.984433491178965 0.0037603692279646506 0.9952282512577582 -0.09750173086512799 -5.052650331108932 -0.10630902483665466 0.09734773897795417 0.9895563697708986 84.64640557375944
0.9887226551119392 0.007208209887640726 0.14958460140874758 -7.877104213453921 0.007481858516349285 0.9952161009952789 -0.09741116010446678 -5.106050860364375 -0.14957116387037822 0.0974317916799873 0.983938774979667 85.06057154705746
0.9802065849297025 0.008564146062612429 0.19779207836177115 -7.750620613704735 0.011502250281325049 0.9949128409751954 -0.10008065298114978 -5.14707803471507 -0.1976429839354703 0.10037476906516798 0.9751216112035448 85.47810523778018
0.9679352660468784 0.008010141528290883 0.25107201830442216 -7.6028524938860835 0.017485650078871064 0.994918607438433 -0.09915249171901985 -5.242586576403992 -0.2505904483097443 0.1003633509079274 0.962876744454062 85.88332818967082
0.9509951309860435 0.009314468243410342 0.30906552949525307 -7.479594849794291 0.023395551190543786 0.9945133195883086 -0.10196031260218551 -5.257314978756167 -0.3083194918024633 0.10419451925503204 0.9455594075106455 86.25850584435378
0.9307054330823978 0.01037778946082624 0.36562234384240533 -7.2718221785279535 0.02956629873030747 0.9941918732975572 -0.10348117243482562 -5.291180893711867 -0.36457266876481226 0.10712058884734837 0.9249929451810426 86.64584156280554
0.9059498729309711 0.010114215068308898 0.42326413785000827 -7.045468427857885 0.037301682364723414 0.9939203066296274 -0.10359058143494812 -5.328452768134174 -0.4217385590968889 0.10963633851429609 0.9000646982567743 87.00950500834533
0.8753323677271972 0.008818291222550774 0.48344129297052657 -6.845221876746389 0.046850907768755674 0.9935822247330778 -0.10295316962441228 -5.37266963645762 -0.4812465464295235 0.11276790516092661 0.8693015363585136 87.34256355190914
0.8412672217497306 0.0077088724606711465 0.5405645520147211 -6.6059427507953785 0.05523469048145555 0.9934402799376337 -0.10012761439710399 -5.428383218172334 -0.537790470887044 0.1140919957000597 0.8353229470930799 87.65885926185341
0.804376211936928 0.007122778387057691 0.5940775839047023 -6.338562445321323 0.06265320939685913 0.9933356047417577 -0.09674167511781694 -5.4573660374562065 -0.5908074855841561 0.11503756943006392 0.7985692659984792 87.96173518607291
0.7636375030113126 0.006663591031958106 0.6456108429613057 -6.063541663252004 0.06666387790760808 0.9937885344679831 -0.08910822713026935 -5.516144677547282 -0.642194434246333 0.11108530647452415 0.75844997416342 88.25981030489346
0.7195747338703755 0.006544828618843172 0.6943841642734443 -5.7799152158637925 0.07479866832164107 0.9934071782008054 -0.08687541376260535 -5.528389399536658 -0.6903747979124731 0.11445236352939471 0.7143411614136806 88.53780658503659
0.674198729697198 0.0062125056769859995 0.7385238504259017 -5.468970258395129 0.08411693965791849 0.9928117564717996 -0.08514197950463215 -5.552230120610334 -0.7337441061686776 0.11952498058813693 0.6688298480765739 88.78900237833449
0.629110148118376 0.003583196349547531 0.7773079069702028 -5.139887618773306 0.09374584081735778 0.9923406533365234 -0.08044715697331761 -5.598008775399489 -0.7716424942056537 0.12347950615208811 0.6239556656498226 88.99781184961606
0.5850432295276006 0.006343671430994701 0.8109772977196666 -4.79197640561965 0.09747345525950357 0.9921706586198157 -0.07807886841966821 -5.620719514800834 -0.8051231862911971 0.12472827268385413 0.5798443867880518 89.20398408085038
0.5366934193094595 0.01155368281845652 0.8436982197938154 -4.456010836067184 0.09643248972877899 0.9925148033054951 -0.07493423879752603 -5.652722192678955 -0.8382487390951628 0.12157663275805185 0.5315620131015599 89.43033867062617
0.49380564103144853 0.012169723344580946 0.8694871400539738 -4.111637467169916 0.10312519191962498 0.9920261263540152 -0.07245246319200982 -5.6590894100703775 -0.8634356858950535 0.12544346322054956 0.48861309218866916 89.55959315964948
0.45360871168173533 0.009635661084895988 0.8911488600238991 -3.758883999265599 0.11364582605858732 0.9911526320061117 -0.06856446810717734 -5.6780759629354325 -0.8839252020990792 0.13237678838382444 0.44850041582063854 89.67786535614496
0.4152439225764635 0.0008545622888033416 0.9097097089108196 -3.371169112433755 0.13068851527200667 0.9895706996985901 -0.06058334980869402 -5.717482375714565 -0.9002738454155551 0.1440454790034684 0.41080153753284576 89.79345500037756
0.3828019770647203 -0.0013824809460936487 0.9238293863597198 -3.0023657693679984 0.13755551049805204 0.9889369101039815 -0.0555181895022799 -5.709875923626657 -0.913532225970689 0.14833029555833982 0.37875717225237227 89.8787720473824
0.34975941035654295 0.004967098899854825 0.9368263888232247 -2.6434621830138014 0.13756321889847453 0.9888744208980127 -0.05660159449972701 -5.711855934512659 -0.9266847984473112 0.14866979391302124 0.3451848442567046 89.99782369046733
0.31864520500861554 0.014655707328605688 0.9477607522828305 -2.2925541134671024 0.12775656307003286 0.990092756293579 -0.058263148966712544 -5.739078667976031 -0.9392249431938816 0.13964792937126877 0.31361594650904867 90.12619660837518
0.2858563652101662 0.02650162341868553 0.9579059465443399 -1.905999266403541 0.12585009638529754 0.9899212702121293 -0.06494329851044464 -5.717253510921805 -0.9499725741876148 0.13911701095760926 0.2796400642854606 90.28840630730478
0.2612918529106611 0.029067629481979315 0.9648220771307078 -1.5082815956699274 0.12898929451148872 0.9895301317062644 -0.06474473219353506 -5.730638406941117 -0.956602492942571 0.14136899009925236 0.25480674860445746 90.37450614323211
0.2372300641534037 0.033983192596048116 0.9708589183206555 -1.051050290193241 0.13224016304244154 0.988955492820669 -0.06692960853267689 -5.737367888982845 -0.9624107418042882 0.14426425697590095 0.2301160320771032 90.48078360010555
0.21844420993395086 0.03507304292903455 0.9752189542897696 -0.6635320933875306 0.14472057161718188 0.9871388169992563 -0.06791842256785731 -5.841630245449071 -0.9650585906032484 0.1559706306745215 0.21055896815349265 90.54728469277637
0.200248475569847 0.040010209808311804 0.9789278477717592 -0.23525977076151916 0.14688942140714725 0.9866463939820136 -0.07037322730246293 -5.86364492722916 -0.9686712785618381 0.15788627664678603 0.1916973597522624 90.58038907241276
0.18133092131101586 0.04012985076887724 0.9826030185450109 0.2300515839789002 0.14562017729430296 0.9870567264742871 -0.06718469086511882 -5.917067370070382 -0.9725810305271607 0.1552694876630094 0.17314018961405905 90.67645494483608
0.16865550682864272 0.03551889666923359 0.9850348866896923 0.6630578943658239 0.14630187932190172 0.9873788460065308 -0.06065290236825138 -5.97033246324785 -0.9747569338677479 0.1543419011098841 0.16133039837096158 90.72587452612561
0.15414228008471348 0.034092989274484654 0.987460290630776 1.0875727297623017 0.14473324901180898 0.9878448765191721 -0.056699087870163686 -5.987766096335258 -0.9773906302603739 0.1516580628161679 0.14733427253044562 90.79920354527219
0.14140622834439334 0.03435168033967513 0.9893554672832486 1.5806023950423929 0.14657917787663188 0.9876551884162519 -0.05524285842957378 -5.989115522716963 -0.979039745464107 0.1528305952756188 0.13462535403584205 90.86846749235966
0.12948208340829254 0.034698390273584734 0.9909744758512558 2.0667538730513035 0.14946806164411064 0.9872854728952969 -0.05409892381798062 -6.008521418732614 -0.9802518495899916 0.15512387541037428 0.12264947881285997 90.93336304832094
0.12173427117056143 0.036182105315596215 0.9919030307835058 2.621601954043409 0.15352490598229127 0.9866223358745633 -0.05483128301025123 -6.030831384013163 -0.9806175964491459 0.15895666581918713 0.11455089666146773 90.93884544311852
0.1156658665285992 0.03444995727333336 0.9926905901458194 3.1636862078110664 0.1573500244808138 0.9861433741326927 -0.052556783102434834 -6.098349051232137 -0.9807458269684733 0.16227891452081683 0.1086424262701717 90.96003006549248
0.10925546545538908 0.03572276336165644 0.993371595852194 3.7174946445008805 0.15942585780512827 0.9857870210353867 -0.052984384692830386 -6.127678104916636 -0.9811455748925458 0.16415795239946765 0.10200748763100013 91.0261293387116
0.10224440985454333 0.03568151750759288 0.9941191628581821 4.283517382216853 0.15992620306369376 0.9857673440671232 -0.05183003901678154 -6.171890367546602 -0.9818195813015369 0.16428503486077553 0.09508279073348276 91.08703430390177
0.09364147711234307 0.0375757383495126 0.9948966467184964 4.832876106430378 0.15994084876786258 0.985741001590886 -0.05228386632617568 -6.2102988684174605 -0.9826750218966763 0.16402055258438386 0.08629634795447015 91.18112717017226
0.0907146558534956 0.037713436458028146 0.9951625736149392 5.424156608623427 0.16243621958664184 0.9853400646871462 -0.05214816860380989 -6.257326984977858 -0.982540241303012 0.16638104950040838 0.0832587568208917 91.22224755672069
0.08718372696864207 0.03888760278802373 0.9954329470643712 6.027821649611073 0.16346280125980023 0.9851354532206568 -0.052802001969912346 -6.285327346717249 -0.9826896307360505 0.16731973331658287 0.0795311038947097 91.28131957302662
0.084708604231973 0.03836453333399689 0.995666919683052 6.676258221130315 0.16551486649182268 0.984833918141113 -0.05202867141315656 -6.341492577336576 -0.9825626093737051 0.16920495341711686 0.07707400599324056 91.33371075234724
0.08256995743663888 0.03878661241918872 0.995830206825419 7.324227092206027 0.1667705718668545 0.9846141723706027 -0.0521776573463776 -6.37481998142367 -0.9825323294874898 0.17038348002079676 0.07483108477022524 91.3935275822014
0.08155686863160924 0.038436639634700565 0.9959272573399124 7.999237364957389 0.1711167257137647 0.9838783887774395 -0.051984442650761624 -6.415739204106902 -0.9818694125799041 0.17465949968525105 0.07366488858127043 91.46378870106298
0.08090929755806675 0.03923289019771216 0.9959490277596519 8.601003372296407 0.17509691682134731 0.9831261960586246 -0.05295235918216893 -6.447771272538447 -0.9812210532231347 0.17867194225740493 0.07267449182242701 91.57599785419166
0.08552860329628287 0.041318780031665316 0.9954785866280013 9.339859150776858 0.17517168068865985 0.9829525723599644 -0.05584910720539724 -6.4627876112633285 -0.980815854430839 0.17915635324382043 0.07683268047828364 91.59353206213484
0.09115829251084713 0.04238401374539478 0.9949340486109308 10.069445344517879 0.17589777019441055 0.9826995516318299 -0.05797901054032833 -6.498072740108059 -0.9801786266528876 0.18029194824348455 0.08212595966822778 91.64431067782317
0.09627662436064699 0.04404571292812017 0.9943795989331105 10.81355093593958 0.17472823412261973 0.9827594028909228 -0.060448326940193475 -6.519175757513801 -0.9798983905498106 0.1795659522351916 0.08692072822842013 91.70894677838314
0.10140689930443737 0.041965789040984865 0.9939595129197307 11.571577864713326 0.17692934128525983 0.9824216212207143 -0.0595295418294811 -6.586607220508435 -0.9789855203044745 0.18189730813904692 0.0921993510060928 91.7684557495196
0.1060392973478614 0.04296857933545365 0.993433122362983 12.388322215634034 0.1755376871015499 0.9825664017113345 -0.061235501427517824 -6.611428565371884 -0.9787452108822854 0.1808783221337868 0.09664804580050076 91.8554357893488
0.10948391867354454 0.04545545950492231 0.9929486757899835 13.181871002137559 0.17076509140253004 0.9832414522371054 -0.06383987908004145 -6.597774113445524 -0.9792101690189747 0.17655041150862574 0.09988692149608236 91.97784577303445
0.11050377753992979 0.04657136606942492 0.992783976004767 13.97692565016981 0.16910529346151118 0.983455170396118 -0.06495635107085174 -6.643365733869031 -0.979383640292557 0.17506294777471088 0.10080004684387216 92.14785998628662
0.11048695478710996 0.04854925322981589 0.9926910913434747 14.744928740447174 0.1664400827837076 0.9837971967485002 -0.0666391364946011 -6.715261371063638 -0.9798419932136112 0.17258634268278786 0.10061621467017869 92.33963402026164
0.11714249538328697 0.05404417206397827 0.9916435162099817 15.575644646004585 0.16364407278885593 0.9838186166344705 -0.07294893422465673 -6.751150848896365 -0.9795398170653664 0.17082200393789065 0.10640295933004346 92.34718570716531
0.11811029217302935 0.06062109080571548 0.9911483452199914 16.406457461153018 0.15763630786510718 0.9843330396307405 -0.0789889962840725 -6.827294303979019 -0.9804084624917605 0.1655703791166561 0.10670377797298382 92.46791473228936
0.12153520250247613 0.06542665116270756 0.9904284668113675 17.274185474644558 0.1539743023114444 0.984503817586158 -0.08392941907332535 -6.878760801306348 -0.9805718274457947 0.16270091110966542 0.10957784786944172 92.48276550957767
0.12142600478070399 0.06400394735164962 0.9905348151813768 18.10685220804956 0.152666684249508 0.9848407072430502 -0.08235086445976567 -6.986256999705883 -0.9807897883253359 0.16122120232902634 0.10981400200486938 92.58439493815715
0.12237412539628792 0.061434414134889384 0.9905808327407698 18.963864350945315 0.15084148384519033 0.9853363774202364 -0.0797437777117902 -7.092054004819425 -0.9809543415393371 0.15917925773249803 0.11131281922068073 92.66705842997459
0.1200728237230795 0.06880458022896166 0.9903779312679999 19.814350698414014 0.14863367427689217 0.9851055527992861 -0.08645854911438466 -7.056602887323817 -0.9815755436409958 0.1575848329742746 0.10805772782338502 92.81840561395192
0.11807762874285449 0.07017570116726554 0.9905216022662745 20.64448804280046 0.14656526026960248 0.9853429557657833 -0.08728049040223079 -7.131449206745935 -0.9821284529391088 0.15548192978102876 0.10606163980911633 92.97407986097558
0.11790818078661915 0.07327847478572148 0.9903170835831666 21.479380103692304 0.1434386418886457 0.9855580071443939 -0.09000428082436965 -7.197170419484118 -0.9826103077602686 0.1526619785233029 0.10569438677914547 93.08219050580536
0.1178316481901407 0.0738431500518138 0.9902842480193353 22.305504243271333 0.14097734250012325 0.9858869794056062 -0.0902898263377077 -7.303516281333739 -0.9829756312271413 0.15024664065767218 0.10575847665641877 93.19437875245276
0.11747103114426588 0.07599156835197762 0.9901645511637497 23.139214781238792 0.13843316412840917 0.9860799014061551 -0.09210150439718516 -7.385150072113047 -0.9833803007541378 0.14789087051685912 0.10531606955477199 93.28582678104897
0.11455531958378531 0.07538228278558687 0.9905526690676729 23.9692203392071 0.13569975304778578 0.9865828586622691 -0.09077356452489552 -7.490707335586244 -0.9841050024147959 0.14481634726721676 0.10278895751175766 93.38170020918555
0.1126732122610425 0.07510829279253135 0.9907893275528202 24.792089960956506 0.13542761498915962 0.9866731124796386 -0.09019717405823106 -7.568183056026684 -0.9843597453863729 0.14434304092520064 0.10099989207588118 93.45380797194365
0.10960522298865942 0.07212137817738143 0.991355234970493 25.63273003342888 0.13312713213615937 0.9873130006555244 -0.08654597290334642 -7.689122344984509 -0.9850197265957706 0.14146217001863165 0.09861334935398845 93.51549321156357
0.10390989577368005 0.06946169038851054 0.9921581563080927 26.44092374284321 0.13182468451956375 0.9877952689278736 -0.08296239651208347 -7.796227785399828 -0.9858118411297461 0.13941154992353139 0.09348493801836802 93.58563641241734
0.09574310016093858 0.07035716180105774 0.992916476122172 27.26523513289379 0.1307727063494144 0.9879641042791444 -0.08261614811862633 -7.879640298979426 -0.9867784746566078 0.1377563009056525 0.08538994973162153 93.68107757341488
0.08748007819309625 0.07385650277295797 0.9934246085725265 28.11215919510036 0.13127321194457245 0.987696294707807 -0.08499043032145055 -7.934568457247829 -0.987478900911348 0.13784500868228036 0.07670836875007041 93.76121929919073
0.07689800506252054 0.07500083101383885 0.994214047458915 28.93175686785687 0.13081063561220077 0.9877882937891862 -0.08463370642823946 -8.011564414361091 -0.9884205959145809 0.13656193466805783 0.06614804284013528 93.82159363850025
0.06768318152664561 0.07251532688975412 0.9950680953103174 29.733564352529736 0.1310716281437956 0.9880648442310503 -0.0809202810820974 -8.12507499474837 -0.9890597632267549 0.1359021374399354 0.05737067025136681 93.84466919718456
