1.0 0.0 0.0 0.0 0.0 1.0 0.0 0.0 0.0 0.0 1.0 0.0
0.9991868181465072 -0.0029518271189692695 0.04021180372625087 0.005058146568104032 0.003119668902277516 0.9999866801567535 -0.004111833534454944 -0.001707589997996518 -0.04019913068959289 0.004233937379629417 0.9991827178579834 0.07803870189651252
0.9965848502122263 -0.008491966054418872 0.08213721957800421 0.01084058700915975 0.009288432520918405 0.9999134319519732 -0.0093195291367908 -0.005496185144099626 -0.08205096799416217 0.010050627570343302 0.9965774548607164 0.15383609037472662
0.9922236846103173 -0.008542514165825438 0.12417401157268122 0.02940838123003279 0.010136610450832494 0.9998740566866905 -0.012211465656076668 -0.017743664109544734 -0.12405405606788424 0.013375209031194187 0.9921853128103026 0.22674568606318055
0.9856870543692375 -0.0074779843777108 0.1684194483975715 0.036621737944473265 0.009966554844097529 0.9998532233719784 -0.013935547969306565 -0.02505178923199391 -0.16829051854883303 0.015414650898154064 0.9856169082885362 0.2858054225173996
0.9769961191453717 -0.011376583195424884 0.21295341398925846 0.04945699622932862 0.01480635555739174 0.9997849795526531 -0.01451779928260393 -0.028928983668328717 -0.2127424616995653 0.01733689752232091 0.9769544907385961 0.3736718253731275
0.9664489429607175 -0.01393068603299918 0.2564807529557761 0.0757298407964704 0.018594347027768247 0.9997027812358221 -0.01576703675311018 -0.03040014686559538 -0.25618487642466864 0.020007128130069114 0.9664207282106817 0.4863845662215999
0.9540921922138761 -0.017378031251258034 0.29900851624385305 0.10621314991107186 0.023908545422591 0.9995485408958188 -0.01819603937170412 -0.033389569972698055 -0.29855731478611625 0.02450955778611688 0.9540769420569983 0.5834380212830387
0.940357413967331 -0.019590419735370058 0.3396235407790015 0.1352138567966929 0.02782692656532861 0.9994245189507981 -0.019398275126787483 -0.037846429752012044 -0.3390480735155441 0.027691991162766823 0.9403613972674758 0.6576518613370114
0.9243621495332202 -0.019789579220134367 0.38100261031207533 0.16813695738595724 0.029765673068202027 0.9993505769507959 -0.020308349389086364 -0.03879999507230545 -0.380353284746066 0.030113068631448327 0.9243508975927246 0.7422629848142047
0.9061711858267352 -0.0222581556517237 0.4223249418212861 0.20900325623700072 0.03339920024089564 0.9992614964636665 -0.018998818607047132 -0.03975743597843229 -0.42159017469651444 0.03132149728506867 0.9062453797990828 0.8295113970433388
0.8855985888323269 -0.021364996200544082 0.4639597788553903 0.26107207720974535 0.03360417349347344 0.9992708123148708 -0.018127415132888843 -0.04182132024161934 -0.46323417294281344 0.03164459816351421 0.8856707742863923 0.9257832868950903
0.8633956520242052 -0.022020637915053615 0.5040466640813254 0.31413202986091365 0.03501451121407383 0.9992535054056677 -0.016322252875321953 -0.04494149872292525 -0.5033109695507716 0.031741509735684605 0.8635221737104161 0.9992384955966656
0.8396421464909626 -0.02296472018458045 0.5426542982994733 0.36721256934196106 0.03748454726416104 0.999173630837948 -0.01571509320729846 -0.04632812308747944 -0.541844972803523 0.033536205285588344 0.8398091142531098 1.0682277076039954
0.8140727344363319 -0.027180902449527568 0.5801265220530635 0.42372302368094056 0.043690817615170505 0.9989397795925125 -0.014506178124561803 -0.04958294725960859 -0.5791171690629384 0.03715528616082607 0.8143971937616408 1.1408545591331356
0.7866584343014719 -0.027638546677527517 0.6167695019048135 0.4711374360016063 0.04601188947120261 0.9988438197663002 -0.013925865932040565 -0.05350684500589114 -0.615671514502374 0.03933363004124416 0.7870206171239302 1.203871319105988
0.7570260246039322 -0.03175866219193889 0.652612431270004 0.519433794600786 0.052025337990090216 0.9985765858959739 -0.0117544165043499 -0.05628198723400487 -0.6513101889878461 0.042850781511183274 0.7576007182180449 1.2582564068461026
0.7269714577276487 -0.0321224036827264 0.6859159211091271 0.5848530256653769 0.05394978842019025 0.9984892985348357 -0.010418303164548778 -0.05942957208851666 -0.6845450459821872 0.04457882785645785 0.7276062177635578 1.3229229603513626
0.6931574362734341 -0.031780055888986414 0.7200852703579862 0.6419885819776758 0.055559575420336196 0.9984109520929616 -0.009418297082703345 -0.0641619896966457 -0.7186417063585671 0.046535994547435865 0.6938216623121021 1.3752281177619892
0.6579242504714818 -0.03367832887047335 0.7523306791604554 0.7028526451869649 0.060599063298471124 0.9981275685710802 -0.00831326564786256 -0.06708857872199961 -0.7506420146573781 0.051060033518166445 0.6587332076100587 1.4288251283759927
0.620270393311382 -0.030515793472495476 0.7837942494877649 0.7877195041096721 0.06028821672334711 0.9981417853161749 -0.0088491429052827 -0.06541944279194814 -0.7820677528869626 0.052742418929959824 0.6209575405289433 1.5284715257102899
0.5830202375922641 -0.03022175265356932 0.8118953431473835 0.8513877543756322 0.06423438278522184 0.9978944239759716 -0.008981239661983031 -0.06680923218955992 -0.8099144069752449 0.05738784073487041 0.5837339197868557 1.5731676902821157
0.543237761392926 -0.02964798268185467 0.8390552614218565 0.9285545299887088 0.06962031607514513 0.9975251539468706 -0.00982745302046649 -0.07032942066755567 -0.8366873646628112 0.06375393608373547 0.5439574334885328 1.6281983989224826
0.5042677443238428 -0.02876427678099501 0.8630681655673618 0.9980881958102458 0.07141016179015465 0.9974109757068333 -0.008481411005672143 -0.07209101944891476 -0.8605896994663881 0.06590873933561092 0.5050162445422355 1.6706753326237662
0.4642171264850059 -0.030389625007042752 0.885199937963134 1.0746963727615315 0.07605637900599364 0.9970874842957533 -0.005654721324959888 -0.07335061096989748 -0.882449934381833 0.0699501204623525 0.46517641165132356 1.7154171781078353
0.427415164465728 -0.03170933704034064 0.9034991948691475 1.158832364959156 0.07958789975213472 0.9968242876122508 -0.0026656780325022894 -0.08330265922156944 -0.9005454144005062 0.07304695456205473 0.4285814963707956 1.7632119432329232
0.39145408424603073 -0.02896489232619696 0.9197416675021494 1.2480894608972144 0.08083783118253321 0.9967227027709745 -0.003016426798071495 -0.0823461951050971 -0.9166400302064089 0.07553071423901456 0.39251263193652586 1.8108182747816894
0.3583303165994548 -0.029592367532989942 0.9331257557208074 1.325947199725892 0.08107182167133005 0.9967081482833258 0.00047631556370499804 -0.08415415142145542 -0.9300681394051874 0.07547952655797867 0.3595498534750875 1.8391973056888784
0.32549090122883056 -0.030863962849528644 0.9450413160356891 1.4104409028300677 0.08159724946432298 0.9966554684059414 0.00444591682229236 -0.08638889727841577 -0.9420178141081523 0.07566566654537983 0.3269207011021827 1.8711567561473244
0.29479327298334285 -0.02993147268493219 0.9550921595043486 1.5217677835841275 0.08235252888357045 0.9965863060820509 0.005813391111398927 -0.08333800987026395 -0.9520057705656251 0.07694050605919196 0.2962518714491209 1.8947060935401432
0.26247578382730724 -0.026139567321445716 0.9645844628255679 1.6039586726169375 0.07887155773966587 0.9968693229716303 0.005552503741779624 -0.08387155047905157 -0.9617098004512379 0.07462088138270367 0.26371572531365906 1.9178104613466977
0.2326658566286208 -0.023857404305987606 0.972264070825952 1.7066186921825997 0.07881778676672332 0.9968733105951215 0.0055999207421490805 -0.0829866440420295 -0.9693577026301831 0.07532879185878173 0.2338187705652199 1.9364377696466268
0.20305039425354932 -0.022969125813204424 0.9788988490405208 1.793673546894046 0.0811926107707314 0.9966769420241015 0.0065447073058457345 -0.08307070193868707 -0.975796237618137 0.07815044783533787 0.2042405693133111 1.9550177541681557
0.17356718493245665 -0.0226412578010262 0.9845617328333509 1.886877085937138 0.08157681399740645 0.9966304885960431 0.00853771742599311 -0.08257275496180388 -0.9814375455079432 0.07883554176893201 0.17482934999977554 1.9701881864015027
0.14499977553427632 -0.02140759098281124 0.9892000708366954 2.0001544317038698 0.0807535497737642 0.996686581730646 0.009732522644090576 -0.07742260951822982 -0.986130787113934 0.0784702035577467 0.14624806959293551 1.9781030694637693
0.11656918317091326 -0.019739907116947463 0.9929863854061048 2.1194191937192026 0.08158107113039721 0.9966141546610909 0.010235016481530109 -0.07307471680544149 -0.9898263253561628 0.07981580542833862 0.11778490071202864 1.9862314033525645
0.08552637207618594 -0.019210241385490604 0.9961506945765776 2.2172530098017247 0.0831199011851666 0.9964663354534993 0.012079914521360178 -0.0752901751367327 -0.9928626902580511 0.0817667960347378 0.08682090393309462 2.008187325423738
0.06222586312062973 -0.01691948175610039 0.9979186705819261 2.3247554405773143 0.08703035014336363 0.9961397138767407 0.011462486269981158 -0.07096718081376749 -0.9942603583130611 0.08613594821368699 0.063458161906195 2.0090565223684504
0.041465391445906934 -0.01497935322755035 0.9990276474097816 2.4109104742418315 0.09117763125294615 0.9957722646176591 0.011146146299116588 -0.06838737120567039 -0.9949709849394301 0.09062679512762112 0.04265586868833768 2.0033068739345
0.022911427742825625 -0.0137156732365183 0.9996434098149476 2.4984123521710866 0.09808345760806066 0.9951128330129639 0.011405477480643637 -0.06669684559196251 -0.9949144193459222 0.0977871662365914 0.024144736423995103 1.9945385002674394
0.00579104385632429 -0.012818333611441576 0.9999010721738831 2.6022565692921145 0.10213852505703475 0.9946958603998625 0.012160057670570582 -0.06349551129467906 -0.9947533289767007 0.10205800128752232 0.0070695730400415204 1.994401246639678
-0.007164305099751766 -0.012209501004614818 0.9998997953883466 2.689498496192638 0.10578128631739214 0.9943057538767873 0.012899119061091075 -0.06338775487608796 -0.9943636116619896 0.10586309976914815 -0.005831973061650296 1.9816938167096683
-0.020203725420054705 -0.009241882461585518 0.9997531680808612 2.780423506540436 0.10726253625449964 0.9941658549249426 0.011357870293804488 -0.05494371239123363 -0.9940254311612974 0.10746553172959684 -0.019094546202301783 1.9778235561913577
-0.032955036390246856 -0.00928569338169523 0.9994136988629584 2.86454016729274 0.10723289283977538 0.9941518816319217 0.012772742106655875 -0.054106267785933346 -0.9936876130201738 0.1075909482537032 -0.031766579673269964 1.975048396433672
-0.04285420170017261 -0.008322272353692282 0.9990466741746921 2.9520238848304974 0.10823389504265703 0.9940414542525967 0.012923280979609333 -0.05337783535997374 -0.9932013599268457 0.10868452976506734 -0.041698101026427674 1.9615031471736397
-0.053095366881291316 -0.004458629714778609 0.99857949239748 3.035421559586069 0.10927450376785831 0.99395878022095 0.010248221697917876 -0.05349402974685338 -0.9925925472428399 0.10966341159542622 -0.052287391551144986 1.9519253644794423
-0.06276668031697075 -0.0013169313494417849 0.9980273591108659 3.1247110771296542 0.10876931120117367 0.9940335899043233 0.008152244031318673 -0.05545150547214738 -0.9920834545454374 0.10906643770539501 -0.06224894684607734 1.9443237270714289
-0.07137336740450952 0.0018473575854815094 0.9974479583894558 3.222152901353262 0.10853827387036653 0.9940746109392548 0.005925452827524854 -0.05518124910439818 -0.9915267447379229 0.1086841992008098 -0.07115096143761163 1.9314796624573058
-0.08038103161852321 0.003080379581092418 0.9967594499264 3.319744259347117 0.10869674557658761 0.994058650800632 0.00569352873765754 -0.05698609321918657 -0.9908198157369482 0.10880216004319203 -0.08023828707627728 1.9248034416399031
-0.08442100604472846 0.00468011033891603 0.9964191840313054 3.4056758387652257 0.10925875590142863 0.9940027532189696 0.0045881207461770926 -0.05635458066172244 -0.990421939375975 0.10925485417282418 -0.08442605547108656 1.910709586652398
-0.08938853073523305 0.00768139459275093 0.9959672116842541 3.497414770331956 0.11032946391794496 0.993892552763741 0.0022367280465879465 -0.05471443704159833 -0.9898672132991246 0.11008446637871307 -0.08969007914780114 1.9033784001978942
-0.09233801494186897 0.010017550110329555 0.9956773270926595 3.597280997976118 0.11042540811873473 0.9938843851551222 0.00024121906377588711 -0.054523767368720756 -0.9895857316263232 0.10997034888829325 -0.09287950326622677 1.8874411562673012
-0.09353027641562804 0.012581923976596347 0.9955369318024642 3.708849278344614 0.1113156380757406 0.9937828794984357 -0.0021016982631654885 -0.05264435947177357 -0.9893740021414584 0.11062225637206044 -0.09434935231228253 1.8654336418132504
-0.09328600557615437 0.012573089544867128 0.9955599623241905 3.8215666904181083 0.1105386574076933 0.9938694035955562 -0.0021940408198985843 -0.050695662644374126 -0.9894841718704498 0.10984318830001057 -0.09410391916354037 1.8424222835796036
-0.0957852251051153 0.012591601031975076 0.9953223810580244 3.92623630688953 0.1127474954392779 0.9936221840213159 -0.0017197944300292043 -0.05058028837666189 -0.9889960530374892 0.11205537472233612 -0.09659399604584361 1.8342595967960191
-0.09692557236076597 0.01258941176933435 0.99521200763146 4.045965193601923 0.11282758421806989 0.9936133240023715 -0.0015806974643402185 -0.05143397516700268 -0.9888758110410285 0.11213415659941274 -0.09772697305087336 1.8270739418075106
-0.0973683590649192 0.01510606352804721 0.9951337646254863 4.151511309259057 0.11494890950200076 0.9933640135214519 -0.003832081008380313 -0.04967163070133426 -0.9885879580782407 0.11401641761273067 -0.09845864948014274 1.8139812345155364
-0.09652346966150724 0.016022143234387016 0.9952017437337426 4.253592947568455 0.11418875718981758 0.9934468947023191 -0.004918855330794817 -0.05053641627631847 -0.9887588925192777 0.11316606528680423 -0.09772048982456955 1.8056665371190668
-0.09596661004848844 0.018514865972720593 0.9952123439215446 4.347135936670987 0.11689696346475381 0.9931179216099789 -0.007203728881407821 -0.050217802071035524 -0.9884965906307017 0.11564598356661183 -0.09747049192647782 1.7957847907546525
-0.095570358174448 0.020074230373713118 0.9952202429177733 4.470036814203841 0.11666827404169453 0.9931316987170327 -0.008828523973712352 -0.05108114470587944 -0.988561996270613 0.11526688283425335 -0.09725597797120097 1.7839709560458459
-0.09431887049472132 0.022681913367507665 0.9952836186105897 4.590181483825867 0.11744106671125297 0.9930132567335601 -0.011500773936273545 -0.05400060785539367 -0.9885906870481448 0.11580242984237925 -0.09632367686232612 1.775275019629992
-0.0919861682950386 0.0239030518409801 0.9954733491937818 4.693878460798689 0.1192546309087396 0.9927809490573004 -0.012818743920823982 -0.056028519594635375 -0.9885933834743267 0.11753565970195956 -0.09417266508498122 1.7646502970952982
-0.09188113904876054 0.02390904998259915 0.9954829047331917 4.8064885684713 0.11531686847344523 0.9932408929229959 -0.013211679340998917 -0.05900424484939912 -0.9890702078884896 0.1135820670460829 -0.094017221363741 1.7631241564848483
-0.08976373235784951 0.02599014585597669 0.9956239172858266 4.924750624403479 0.1169283793837032 0.9930212511620752 -0.015380144186868668 -0.06061660742100136 -0.9890754402207591 0.11503611197747084 -0.09217627944985456 1.7523591859117849
-0.08944596233155616 0.027622566520644005 0.9956085644676803 5.01840270232917 0.11703871937424036 0.9929812444411161 -0.017034857070472014 -0.06418299044021361 -0.9890911777939478 0.11500105219947446 -0.09205107279762753 1.7508118025474582
-0.08861036631449296 0.02940325245312018 0.9956322874067465 5.117771277464867 0.117730338435679 0.9928668001361588 -0.01884368857751375 -0.06502859594040707 -0.9890843090421723 0.11554638000631597 -0.09143994572397882 1.7437867782452299
-0.09019872390889855 0.029611224008260963 0.9954834833476344 5.217117635660675 0.11910014719293409 0.9927054313648044 -0.01873716834102643 -0.07573352834450485 -0.9887766912421772 0.11687216072081137 -0.09306746426448462 1.752821461480476
-0.08780302111222378 0.02872041941087303 0.9957237402976947 5.337267155119173 0.12673600016356235 0.9917833133309639 -0.01743116923208181 -0.08366352848405552 -0.9880428208059142 0.12466353479313648 -0.09072148227830365 1.7422680595256639
-0.08694067616223884 0.026831393965487577 0.9958520950052385 5.456093690154765 0.1294894658767944 0.9914610747428448 -0.015408293114626333 -0.09014525025803063 -0.9877620143817009 0.1276127484526236 -0.08967267910000355 1.7338296377278135
-0.08697891564725391 0.028561913602818807 0.9958006252881016 5.5750234821258395 0.13167977865686722 0.9911477788452997 -0.016926794820884897 -0.09768612685078468 -0.9874690395783083 0.12965453166540325 -0.08996998551138387 1.7380131208261598
-0.08695078535890263 0.029793332262387274 0.9957669999945641 5.667424029141135 0.13455235098997426 0.9907449081490486 -0.017893904543317195 -0.10658224489291218 -0.9870842039909974 0.13242690183432382 -0.09015481075362299 1.7400756417245815
-0.08714271106144095 0.028875887299928047 0.99577724971075 5.73366045847739 0.13538709446408606 0.9906489938723675 -0.016879146667988364 -0.112861166248186 -0.9869531308838505 0.1333444939707251 -0.09023726151793626 1.741915763031776
-0.08796278509852992 0.028880611046715424 0.9957050058844132 5.797205667708052 0.13636532790569625 0.9905181286524632 -0.01668334966350601 -0.11760629887692593 -0.986745684451106 0.13431212572359677 -0.09106704728235657 1.7442478294571158
-0.08905234611520954 0.02816101932364494 0.9956287644709907 5.879317346721657 0.13678647589252624 0.9904748520280142 -0.015780605596336362 -0.120809835490086 -0.9865896511033755 0.13478325003774436 -0.09205615593203212 1.746948637514495
-0.08981607097216111 0.02823565876940083 0.9955580450023911 5.954309623328044 0.139614943919169 0.9900847882830217 -0.015484813367038353 -0.12687968156351745 -0.9861241001159898 0.13760399552492186 -0.0928676455284954 1.7480498811341805
-0.09113756840013376 0.028389314501502866 0.9954335690784429 6.0229686184167175 0.14123049906144067 0.9898585051599341 -0.01529986592744266 -0.13096920414702345 -0.9857727373796494 0.13919118716598444 -0.09422273427552681 1.7553933810203484
-0.09315454157013373 0.028719732760729755 0.9952373628110092 6.104573915052748 0.1418488974178088 0.9897703082899836 -0.015284866008690402 -0.13798639962659487 -0.9854953686782149 0.13974946789774892 -0.0962754617547267 1.7610994846396641
-0.09353251365987032 0.029228416602574674 0.9951871022834723 6.180383650205616 0.14335316045940588 0.9895488010553832 -0.015589795256963588 -0.14419116441047056 -0.9852418689209093 0.14120506362294727 -0.09674497264702392 1.7597531773110449
-0.09719540973705233 0.02962198871839756 0.994824401646047 6.268448597922635 0.14333282640054754 0.9895537629296866 -0.015461278981024361 -0.1515235347602049 -0.9848902239346664 0.1410882279145419 -0.1004258868114056 1.7686047339473014
-0.09821500212424153 0.028353452661188255 0.9947612251590463 6.356888177867186 0.14235763485576136 0.9897140796149912 -0.014154307122760525 -0.16143556834216882 -0.9849305138719224 0.1402216899557322 -0.10124110089261933 1.7638067436532758
-0.09947531374914596 0.02673296438766627 0.9946808586524415 6.4432185754277596 0.14168546200046714 0.9898336463774642 -0.012433115329964132 -0.16790929029454418 -0.9849009553311557 0.13969502895286504 -0.10225168494276765 1.7614847984641595
-0.09828214921177127 0.027157598571648664 0.9947879593089864 6.549735261043888 0.14452323610122456 0.9894194843446571 -0.012732565569581026 -0.171731774258352 -0.9846083756362958 0.14251859120470983 -0.10116717742370769 1.7417890082865095
-0.09512365995646731 0.027220078711239406 0.9950932401697048 6.653245822635148 0.1505320607388329 0.9885241830764978 -0.012650619062483204 -0.17898525468950638 -0.9840180831703281 0.14859006288408963 -0.09812953279158917 1.7280938292614298
-0.09657224317955224 0.027500704460858373 0.9949459850169896 6.753936399638611 0.1514538533254439 0.9883837799747025 -0.012618787413822405 -0.18549175473997218 -0.9837354990850663 0.14946977867474373 -0.09961552641420289 1.7269550240109182
-0.09591961821154994 0.02921987095413572 0.9949601127600926 6.864916322478812 0.1543302005320362 0.9879182137269007 -0.01413478653509266 -0.18889582957463585 -0.9833522339659844 0.15219659039569458 -0.09927024642879234 1.7084961245690178
-0.09680267259049094 0.030288479075819375 0.9948426260542991 6.976050334096272 0.15865038555648048 0.9872265869309447 -0.014619207210344959 -0.193814690568514 -0.9825778838046978 0.1564169878624205 -0.10037145095060192 1.6919645983508882
-0.10197415405440102 0.027323537855064105 0.9944117337320464 7.096903331972057 0.15361003974094523 0.9880658209933143 -0.011396888855913303 -0.20493218013420714 -0.9828556494194224 0.15158943783750817 -0.10495434598163979 1.6933212307357477
-0.10565590498682245 0.025735767598511677 0.994069665570544 7.212504156715372 0.1527299511646651 0.9882237168888152 -0.009351331225821973 -0.21082680763359943 -0.9826038834437072 0.1508361881133685 -0.10834229366583474 1.6828962878464446
-0.10767035192557721 0.026009656037352193 0.9938463629299263 7.33673280093451 0.1524758721522996 0.9882630135623276 -0.009344754469912835 -0.21807202586114605 -0.9824246554966024 0.15053143797069787 -0.1103724714539636 1.6721504009544061
-0.10607408391113908 0.027044468024992777 0.9939903849996035 7.45425635373887 0.15553835066155472 0.987776393475279 -0.010277060204878308 -0.22334014867825097 -0.9821181752701127 0.15351349530975011 -0.10898392799806533 1.6488075931108082
-0.10790111954840571 0.027525259835479838 0.9937805132277409 7.562938107478631 0.15661887904295688 0.9876048921310989 -0.010349094938623902 -0.22947619366179184 -0.9817473580955174 0.15452811106627298 -0.11087464887322675 1.6352412246020753
-0.10671052640604252 0.026956211758938253 0.9939246582119565 7.659419116987243 0.1562330106332998 0.9876694726301752 -0.01001295275567599 -0.2355253502348076 -0.9819389542851431 0.15421535423569052 -0.10960617945791182 1.6281772883479297
-0.09413854480413618 0.026399791429801443 0.995209015933148 7.775899017019007 0.1543718922889727 0.9879446582748174 -0.011604785968571691 -0.23563995393117182 -0.9835177950872477 0.1525398413488017 -0.09707905823606333 1.5928816021708094
-0.09745666184672483 0.025566689458730814 0.99491132441631 7.917797902259145 0.15499695735625563 0.9878622606799913 -0.01020280032737663 -0.24174582941971054 -0.9830962019415985 0.15321389726241585 -0.10023651736600633 1.5791757121410401
-0.09532792649257134 0.027115440948653598 0.9950765494638033 8.04566223550674 0.15531550570218022 0.9877915700555613 -0.012037766223252045 -0.24043674337212745 -0.9832546364594997 0.15340328219868635 -0.09837557060351566 1.560784058010313
-0.10077551728315993 0.027264155945480095 0.9945355503534773 8.199366267681347 0.15468508768343608 0.9878979600724171 -0.011408073155669989 -0.24315572074565667 -0.9828106728992514 0.15269016433725532 -0.10377328630231751 1.5442426472175925
-0.11214604788962745 0.029262467928585386 0.9932607773960814 8.357960275399828 0.1562897333307698 0.987644874422397 -0.01145082016997056 -0.24656377246101094 -0.9813239950180239 0.15395229779998967 -0.11533389269407773 1.5300611146563694
-0.11698178442451171 0.02796453137705308 0.9927402717215219 8.500453202545419 0.16360513533366045 0.9864892018095459 -0.008509665423497285 -0.25554991275891636 -0.9795655270604985 0.16142193066007818 -0.1199764080836778 1.505465584716409
-0.12196577810424927 0.029209298386521698 0.9921044127808294 8.655305222310968 0.1651912169542114 0.9862229371654079 -0.008728118355221066 -0.2576890538378518 -0.9786910701608614 0.16282240354632804 -0.12511056746248503 1.485038199653568
-0.12479104538936109 0.028576098322577268 0.9917714462492309 8.795595535297906 0.16442704066041125 0.9863589517827931 -0.0077308820718771255 -0.263805749509366 -0.9784635625767014 0.16210929906272578 -0.1277874480029312 1.4493993277110584
-0.13084152362395304 0.0290922816108738 0.9909763543326542 8.96746819224546 0.1622160028042355 0.9867263911998891 -0.007549658526023245 -0.26723910777641174 -0.9780421586669868 0.1597644142489715 -0.13382401805992908 1.4066683620207812
-0.1358030664840865 0.030301740679748616 0.9902723522573464 9.132538359620717 0.16178160305382291 0.98679408593321 -0.008009049917185153 -0.2692326397337353 -0.9774375888243989 0.1591201950696957 -0.13891192704058178 1.3639651188209385
-0.13944090300858125 0.030437439752312556 0.9897624951620858 9.289062472290151 0.1629495581335347 0.9866067731601279 -0.00738353970979562 -0.27007431565267254 -0.9767311175918569 0.16025179379927312 -0.1425331067221859 1.3400347269532142
-0.13993097667208226 0.031340841272225646 0.989665131969369 9.415407133644857 0.16663932633555467 0.9859881414343166 -0.007662889098443602 -0.27217992480313863 -0.9760382455037456 0.16384485533348844 -0.1431929002943881 1.3165354447307374
-0.1435595190671521 0.03250500237364725 0.9891077238126794 9.563996357625056 0.16819034427616056 0.9857222161300147 -0.007982525915988158 -0.27556084508559037 -0.9752449295317946 0.16521240101282378 -0.1469768348213532 1.2955597743681015
-0.1447197012537111 0.03483556208671078 0.9888592881108726 9.733385749998162 0.17579238946181494 0.9843865703009682 -0.008950755186173191 -0.28176551538744776 -0.9737316077217287 0.1725385864819816 -0.1485839570695895 1.2611288753901697
-0.15033312296615267 0.033910845228110095 0.9880536456666517 9.865335146819255 0.1685121571965724 0.9856655532417901 -0.008189629388066652 -0.2812126087661266 -0.974168160543241 0.16526787869538184 -0.15389257050074662 1.2424471349230366
-0.1560782165808546 0.03568221109114078 0.9870999797997109 10.006747197457898 0.16587730065223322 0.9861014266189253 -0.009417937590000968 -0.28243318344701324 -0.9737167511331357 0.16226754522013287 -0.1598278208916197 1.2242465531047266
-0.1621620635123737 0.03647817098059479 0.9860896552541873 10.178759836368624 0.16233263948999868 0.986687377634036 -0.009804742417796245 -0.28482985184806986 -0.9733198751251405 0.15848457924851797 -0.16592485897779521 1.201029833362595
-0.1702620836851537 0.03635950866495593 0.9847277842068007 10.335810729577723 0.15994695373582438 0.9870864624360072 -0.008791340409696872 -0.28815390614461606 -0.9723311137929403 0.15600737740636555 -0.17387899052205255 1.1815677946177088
-0.1730057731224736 0.03650617255835489 0.9842440255502888 10.46604321792751 0.15950023076562975 0.9871606210173407 -0.008578152386681522 -0.29302810954970526 -0.971920099006089 0.15550307931934326 -0.1766072293825935 1.1487815445272012
-0.1752998687070802 0.037697283148870525 0.9837931036932902 10.59906593791318 0.16124140978690657 0.986873187163477 -0.009084064494039137 -0.29651245446039964 -0.9712214803026196 0.15703575166501077 -0.17907710322035514 1.1142353945820724
-0.177292071936864 0.03849396173120203 0.9834051739433615 10.709854168263353 0.16230639176416317 0.9866960000330802 -0.009361554957274408 -0.30002897855680827 -0.9706823148800189 0.15795321595003034 -0.18118119425097973 1.0840178661840842
-0.18069469984339864 0.03882717320724286 0.9827725454393003 10.851413240282104 0.16455623824651097 0.9863292275569802 -0.008712021637297342 -0.30542717906640066 -0.9696755487804474 0.16014713699465896 -0.18461371728490913 1.0553081109432283
-0.18573554546653517 0.03947162191679688 0.9818066501167676 10.998243891712821 0.16531168022511564 0.9862058118714815 -0.00837526191003058 -0.31105239880169977 -0.9685940096507917 0.16074852314771051 -0.1896985945504927 1.0322302471780715
-0.19031289655198164 0.041105198283363474 0.9808625612592636 11.168953801575658 0.16647138653952143 0.986005020531587 -0.009020917365448546 -0.31357888338415874 -0.9675062164501086 0.16156875366416137 -0.1944923108243756 1.0007791455809545
-0.1933283442921602 0.04170493778489498 0.9802473409592155 11.274490304116062 0.16418332734498434 0.9863832728756727 -0.00958509327060603 -0.31783819956995324 -0.9672993261215381 0.15908719984786526 -0.1975431004347752 0.9833429333640686
-0.1944222754567886 0.0441978309889048 0.9799216961278504 11.394760896351057 0.16596002702189583 0.9860648689101446 -0.01154745565531787 -0.32222540486127976 -0.9667767313279197 0.1603827485644769 -0.19904804878673776 0.9601662521323044
-0.19671370616426534 0.04504018022559445 0.9794259032578051 11.523452800488574 0.16716990989306665 0.985857956404022 -0.011760570616672997 -0.3265350265126038 -0.9661045176550327 0.1614170745619305 -0.2014611352256437 0.9280522768029129
-0.20121547724223335 0.04660897744667471 0.9784374966953985 11.686619880207797 0.1669100653221503 0.9858911123156856 -0.012639017014614748 -0.3311459456306585 -0.9652219236073827 0.16076790064660187 -0.20615605814369983 0.8978554796674646
-0.20532364987714505 0.046807949379599395 0.9775741479171831 11.839436225278948 0.16720407692044129 0.9858482310283263 -0.01208561291383357 -0.3355393962034176 -0.9643054471806695 0.160972920869309 -0.21024443698821732 0.8681113613857213
-0.20577451202863117 0.04743669178858844 0.977449032160519 11.97863250775731 0.16919226113731953 0.9855074413865009 -0.012209084448609468 -0.3397715069107048 -0.9638624533462334 0.1628644935029939 -0.21081823399647728 0.8260881129053519
-0.20636725365631836 0.048488414442626145 0.9772724442463272 12.116338742012172 0.17377279870949777 0.9847106624965762 -0.012162466617507448 -0.3431596392159311 -0.9629203347354429 0.16731343290481435 -0.21163800254819323 0.7814894567820978
-0.2092651710432864 0.04849183040207047 0.9766558403923478 12.275311044966466 0.1746261736900139 0.9845680187253036 -0.011468041058306996 -0.34702266807427135 -0.9621402120536328 0.16814981084612268 -0.21450373764063876 0.7477596106070634
-0.21150890264205133 0.04880474003245314 0.9761567914292878 12.42764303167693 0.17493546555226624 0.9845148427341059 -0.01131845078843963 -0.35351324065810463 -0.9615932440461337 0.16837048965481813 -0.21677133394023687 0.7239961553427313
-0.21276980473780577 0.04952367280193258 0.9758465125336286 12.570862354652604 0.1743350502394488 0.9846137892811585 -0.011957266217955675 -0.35427220210274224 -0.9614241002023222 0.1675801055901488 -0.21812979567346996 0.6907088837505995
-0.21282863414208572 0.05101370885519035 0.9757569236229147 12.760744528786391 0.17389316752878795 0.9846712862924467 -0.013550802115861633 -0.3578442480704698 -0.9614911017664276 0.16679346348108587 -0.21843718036077242 0.6482464491783039
-0.21572218552140052 0.05323489774023916 0.9750025560666286 12.90381560150537 0.17516112329466899 0.9844255921522582 -0.014994479044823669 -0.367244860217325 -0.9606156981644742 0.1675479011455001 -0.22168712470894095 0.6228645676986572
-0.21903688114482875 0.0553320466905341 0.9741464003461621 13.028407019045058 0.17434005115630383 0.984543505073174 -0.016722236125777314 -0.37134773332833393 -0.9600147870013065 0.16616994682332165 -0.2252979305532364 0.5932011001379913
-0.21974425011828685 0.056357700329878274 0.9739282695114059 13.158787137784506 0.17488150291084134 0.9844338175787705 -0.017507676800012154 -0.37681185887868346 -0.9597546168055654 0.16647482818977785 -0.22617959036921695 0.55370992495347
-0.21766475123074033 0.05679514400237566 0.9743697284344437 13.306455501317215 0.17581051641650788 0.9842576674358005 -0.018097138204656506 -0.38230264467969227 -0.9600587056993034 0.16736533605136747 -0.2242233839263695 0.4898458049671979
-0.21950057276730994 0.05815795473217852 0.9738773797846395 13.473858547017288 0.1769344499199715 0.9840414220945756 -0.018885974520868116 -0.3850283494609705 -0.9594340514002726 0.16816697625709925 -0.2262878015055258 0.45319018977143666
-0.22459556372581038 0.05693945448195427 0.9727870945268473 13.617187738744379 0.17757976133898826 0.9839664891910815 -0.01659447232561303 -0.39249195322511626 -0.9581347823336099 0.1690202552130222 -0.23110580306485476 0.42687360929880946
-0.22870215237539127 0.05642847313401226 0.9718596364283424 13.783379601481618 0.17779535752561137 0.9839486782126645 -0.015290830124321822 -0.3993193540854579 -0.9571228428687741 0.16929508576244917 -0.23506390108964334 0.39309346214527596
-0.23341337768894663 0.05634469884228567 0.9707437715629247 13.98435787575016 0.17785699152471243 0.9839517689370029 -0.014345974052752106 -0.4096103123316014 -0.9559733708015177 0.16930502449164392 -0.23968880449505425 0.35786746286300025
-0.23605784793576778 0.057367094996302354 0.9700441788081724 14.14866480836741 0.17712574309873028 0.9840724843208443 -0.015093599117681817 -0.412289564619816 -0.9554596608751501 0.16825683348467027 -0.24245922219221816 0.3114704182534353
-0.24061923814148314 0.05803147774291807 0.9688832384901639 14.316463136665478 0.17650566343670027 0.9841835908997807 -0.01511324513082579 -0.41942285947507596 -0.9544360287682895 0.16737684127318062 -0.24705639031287974 0.2799152856176275
-0.24321973136614647 0.05933513720913759 0.9681546899987391 14.500066345603367 0.175958814306385 0.9842655639789587 -0.016118164693120118 -0.4211079301835778 -0.9538776954841074 0.1664350956305682 -0.24983334645393696 0.2236880400255566
-0.24505797858245573 0.059868815903631634 0.967658158656961 14.660087957800638 0.17596538110317658 0.9842608475755068 -0.016333051863016052 -0.42798690897555536 -0.9534058798781846 0.16627179199203748 -0.25173581271138623 0.18245709915870773
-0.24690067723116937 0.06006329071739181 0.9671775724710485 14.802159829064315 0.17801255010333653 0.9839036164957562 -0.015659037399536124 -0.43453528495275734 -0.9525500446635324 0.1683035191395926 -0.2536184887911994 0.14826918000138073
-0.24691976840292015 0.06053557331015177 0.9671432532649243 14.992643643135127 0.17790156583982827 0.9839154971013528 -0.016165625120484216 -0.43111189352022933 -0.9525658301889619 0.16806468673641764 -0.2537175599531973 0.07887017223271828
-0.2484765265912261 0.06218511356122125 0.9666397609164128 15.152389469289476 0.18116124603125897 0.9833117781550997 -0.016689813595688344 -0.43860084454228887 -0.9515461200959007 0.17097063663926435 -0.255595427849567 0.035595563334733744
-0.2493027008152572 0.06341029343037476 0.9663474002931317 15.311354372694481 0.18132037681532903 0.9832640160857872 -0.017742480728386193 -0.4442753800792876 -0.951299681655453 0.17079522639091532 -0.25662795312340875 -0.011957317717444689
-0.24990295199854798 0.06370577943417578 0.9661729080496397 15.460746106052806 0.17939512914208813 0.9836040018555923 -0.018454137036411845 -0.4457659836000264 -0.9515071740257693 0.1687149702911673 -0.2572340501899885 -0.06308106123036797
-0.25132020478082256 0.06591700589344891 0.9656568246550999 15.580249749251996 0.17843010071763776 0.983734550898114 -0.020713100375865844 -0.4461854249414782 -0.95131532828333 0.1670966238537758 -0.2589939467822571 -0.10169815393175083
-0.2531230132124928 0.06804606824222725 0.965038068046543 15.707615093766531 0.17824385668379153 0.9837265072315147 -0.022611645773225844 -0.4477346832581991 -0.9508721616162276 0.16628857918347903 -0.2611326113231045 -0.14273228713485195
-0.25598676640763973 0.06858890058127035 0.9642439204585191 15.834381961092623 0.17567428511005476 0.9841709505274182 -0.02336847639515115 -0.4526638149959127 -0.9505836738421467 0.16341084068999928 -0.26398404529394565 -0.17620395653551899
-0.25809221144260214 0.07046620766941011 0.9635470533239986 16.00289235355135 0.17753155119559932 0.9838126939004738 -0.024395320255710357 -0.4577040951351554 -0.9496688679338459 0.16476376087291197 -0.2664243689684981 -0.22558367969446846
-0.258907905170103 0.06986725612966849 0.963371819787844 16.133006747506908 0.17867141940193587 0.9836324403422622 -0.023318366049638963 -0.46369125031978214 -0.9492329643081974 0.1660897011474188 -0.2671534964087772 -0.26048546855372207
-0.2602016646041549 0.0697922028440344 0.9630286299790916 16.288828139591285 0.18005798259290115 0.9833959221075753 -0.022618206975074474 -0.46888790639613653 -0.9486170020834552 0.16751569718796544 -0.2684478991421398 -0.30674048334560183
-0.2629028139494027 0.07019870332674151 0.9622651674402081 16.42190034106762 0.1790886508896844 0.9835681679675699 -0.022823542306852452 -0.47248146135513797 -0.9480555709134352 0.1663303971382388 -0.27115463014272356 -0.3481999061044038
-0.26621529046830233 0.0715460518057657 0.9612546913237334 16.54722027980955 0.17855966120648203 0.9836421406923321 -0.02376102784044621 -0.47940686597011395 -0.9472306300530537 0.16531576308753793 -0.27463581697237016 -0.3758006853545725
-0.27181479619369675 0.0704362216229636 0.95976843835045 16.673501186611613 0.17610544495132854 0.9841175810768947 -0.02234857655103414 -0.48891317948477003 -0.9460991432342993 0.1629457741055096 -0.27990192188065166 -0.4035278532947327
-0.275045809758526 0.06991396633000566 0.9588857282524781 16.84157570980881 0.17473693112183164 0.9843770769420194 -0.021651219208430512 -0.49498044591610274 -0.9454188529093349 0.16159767233191896 -0.2829653421543081 -0.4548316858876713
-0.2780675055998324 0.07102314947916583 0.9579322390271395 17.05094354093513 0.1736106787686472 0.9845549778178588 -0.022601501533460577 -0.49606785982749474 -0.9447421841682409 0.16002252307765197 -0.2861031239970746 -0.5324993138615143
-0.2860872752086423 0.06996550055246131 0.9556458024268926 17.235788964443877 0.1699439904524108 0.9852244596150518 -0.021255688305537937 -0.5057019440209474 -0.9430127841513108 0.15632527917350725 -0.2937503974780621 -0.5809916504452701
-0.2889749869813108 0.07069569541185967 0.9547227741859865 17.446904301572943 0.16810578548238966 0.9855213317070757 -0.022094108664143127 -0.5044920045825101 -0.9424616182033629 0.15410977710887747 -0.2966753694072899 -0.6626730197582124
-0.28573916309120834 0.07351015280439332 0.9554838502615373 17.644700631468368 0.1677685690878085 0.9854927287498126 -0.02564739377557219 -0.4923299192316644 -0.9435077307060956 0.15297169351198586 -0.29392656069486106 -0.772609869599582
-0.28889034272606245 0.07670141535325807 0.954284686433994 17.91197069176603 0.17016106357733904 0.9850279984626068 -0.027659621960208342 -0.498277288699737 -0.9421186667940764 0.1543914995314186 -0.2976166704850266 -0.8481612997441187
-0.28322399957723043 0.07859124500406575 0.9558282179723451 18.17891207787673 0.17055178697891107 0.9848783176268223 -0.030443183586187778 -0.4861318839096889 -0.9437670549567715 0.1543959704049082 -0.29234505349150264 -1.0226252881712798
-0.2765913018621399 0.08057294543033212 0.9576039119588475 18.404461311656508 0.1717565298858225 0.9845787233724388 -0.03323299450668717 -0.47441019016534197 -0.9455141173857681 0.15528276770775903 -0.2861648403931394 -1.1645518873982068
-0.2852207547769232 0.08075697617758253 0.9550536277315199 18.893718510186133 0.17050438244010455 0.9848255941998773 -0.032354359483381646 -0.5150890208117505 -0.9431740966614814 0.15361269416137097 -0.29466211765220907 -1.2172591258847258
-0.2889542372487918 0.0807302249589832 0.9539329533851117 19.208897963990843 0.16897705854970005 0.9850944215992603 -0.03218282489018999 -0.5268078618880176 -0.9423121576525801 0.15189342089798874 -0.2982887631608777 -1.3025742955683304
-0.2902028349739476 0.08419203429397468 0.9532544339967829 19.482859701234446 0.1717602386440513 0.9845287132121731 -0.0346645825263145 -0.5262746921647814 -0.9414248429874914 0.15367144894946333 -0.3001738675896857 -1.3990286547456836
-0.2931087848794222 0.08501212643963964 0.9522920657995216 19.69443283242594 0.1725714547899145 0.9843834557727691 -0.034760681704416325 -0.5392647501663593 -0.9403756341049051 0.15414976600395525 -0.3032021049114346 -1.4585352361434791
-0.29604282926792785 0.08803457797545707 0.9511091190393061 19.8706501685977 0.17694650244347027 0.9835632497867651 -0.035962048633564135 -0.5465274044997941 -0.9386418797987149 0.15764912543234486 -0.3067542578976747 -1.4881164000327758
-0.29775278737853544 0.08967018609496799 0.9504222931592081 20.038817471778938 0.17759427696789554 0.9834025520546731 -0.03714422432369124 -0.5542415109669057 -0.9379784381298778 0.15772976364038677 -0.3087357628545557 -1.545313886448722
-0.30849177618842266 0.09680203811215228 0.9462886396028682 20.47521064087159 0.18298014171255997 0.9822683516260426 -0.040830786579625106 -0.5778787582179827 -0.9334618855437887 0.16055606750040005 -0.32073455913861726 -1.5594393216755358
