1.0 0.0 0.0 0.0 0.0 1.0 0.0 0.0 0.0 0.0 1.0 0.0
0.9991868181465072 -0.0029518271189692695 0.04021180372625087 0.005058146568104032 0.003119668902277516 0.9999866801567535 -0.004111833534454944 -0.001707589997996518 -0.04019913068959289 0.004233937379629417 0.9991827178579834 0.07803870189651252
0.9966361076300618 -0.00875507087416037 0.08148507655999683 0.013816685485598038 0.009567179583073503 0.9999083302267349 -0.009581243030420687 -0.0032263574345037472 -0.0813937223797102 0.0103285951208861 0.9966285075593633 0.14152660590773664
0.9922128750377786 -0.009299651217288693 0.12420598655661762 0.025623249329187497 0.011123643566876864 0.9998401224111643 -0.01399979180648179 -0.005337603628067924 -0.12405593562205304 0.015272396801567731 0.9921576884411434 0.22056153102877457
0.9854781820243282 -0.008772004917662992 0.16957536579276344 0.02361426617717927 0.01160678810629138 0.9998088612750825 -0.01573287595063771 -0.014689117469529864 -0.1694049445083604 0.01747263132865217 0.9853916337835291 0.2856204709844188
0.9769422659719909 -0.011905495090739926 0.21317145246058664 0.04634590087410144 0.0156494049358139 0.9997513653224512 -0.015884069410871733 -0.018281643004534817 -0.21292934293484936 0.018853825143424735 0.9768856781603439 0.36898751198724317
0.9664336474738191 -0.012292596954301295 0.2566220900284479 0.06576348301467363 0.01692813167884037 0.9997308760203855 -0.01586234186292531 -0.02142796724315658 -0.25635803749505015 0.019674033435764352 0.9663816477044953 0.43787768195012433
0.954132271881413 -0.016327936362748156 0.2989398037206608 0.09669972402799214 0.022973601873885474 0.9995606069301857 -0.018729834230423868 -0.023100383180173004 -0.29850263210121514 0.024738463321172514 0.9540881442828822 0.5306129542534582
0.9404024670281588 -0.0195567752091293 0.33950071067786053 0.13749502320560608 0.028305234693064184 0.9993821598214176 -0.02083536223945899 -0.022644814980238872 -0.3388834810024286 0.029203273345611507 0.9403750077121247 0.6348058459310584
0.9246319686339245 -0.020412719160358157 0.3803144008273075 0.17481999022091615 0.031009959932952736 0.9992822367909705 -0.021757610599326165 -0.023732331933430724 -0.379597293147765 0.03191131665280503 0.9246012994282318 0.7128325704425064
0.9066955317441493 -0.023464559009970243 0.4211325529873725 0.21553398087647574 0.03521675912149008 0.9991765482588927 -0.02014957285959403 -0.026441258976518098 -0.42031296981198835 0.03310045135512155 0.9067752574524266 0.7866069986786489
0.8865201582302924 -0.02319788831113086 0.4621080685610692 0.2682737474203378 0.03600126095555552 0.999172872526112 -0.018907141971449812 -0.029119261756017867 -0.46128724051392045 0.03339803565814709 0.8866220462819715 0.8681806210145611
0.8639031210838272 -0.024017780070762534 0.5030850262352227 0.31778872357939525 0.03792963165389148 0.999128322950348 -0.017433798238639497 -0.030814148532072663 -0.5022277774319361 0.03414294244639672 0.8640610621112842 0.9605481537278968
0.8401891136711159 -0.024963765639534122 0.5417186203866718 0.3707925640546271 0.04044679062988223 0.9990422359902614 -0.016693347037711352 -0.032264475575354466 -0.5407830529854714 0.03593634807090741 0.8403941149788238 1.0295950017259294
0.814650423171742 -0.02918363720147132 0.5792175785883873 0.42722579589130694 0.04669354013830115 0.9987913266541734 -0.015349238083673682 -0.03558511599443405 -0.5780695471441604 0.039549982554855034 0.8150284642541369 1.1022788966731587
0.7872736478896257 -0.02964359531376896 0.6158907862563255 0.474575366016615 0.04904975012188002 0.9986891749744868 -0.014630577629052949 -0.03956928698597297 -0.6146497582782754 0.041727557388997846 0.7876956808329003 1.1653406132464663
0.7576725004269337 -0.03210033033540518 0.6518450359473147 0.5280303506620458 0.05350275295830122 0.9984828383275851 -0.013018332887600681 -0.03967281586951883 -0.6504381888563133 0.04473913675572273 0.758240444792859 1.2282389001698295
0.7274980786022796 -0.03275943675062648 0.6853271955305534 0.5868947088798689 0.05592364880803887 0.9983671746423263 -0.011641739590537391 -0.041906134642465544 -0.6838267990756043 0.04679534058515288 0.7281422285278707 1.288304360867657
0.693754333568741 -0.032567138984846845 0.7194750211876254 0.6464640945420882 0.05783079177913673 0.9982703724133467 -0.01057653458918755 -0.04522528957441797 -0.7178861498711271 0.04894532684598009 0.6944377803685158 1.3454860021902644
0.6584792447385526 -0.03411682625073716 0.7518251967147169 0.7027190883071043 0.062083710703375955 0.998029585664822 -0.00908619849022701 -0.050410185395799854 -0.7500337973143913 0.05265917113173446 0.659299866966371 1.390272131739989
0.621799827566894 -0.03367470314699339 0.7824519083021928 0.7654547615993117 0.06350574889711598 0.9979531586965377 -0.007517506542716713 -0.05305985361794241 -0.7805972036170755 0.05436457868470252 0.6226656392395826 1.439837355895348
0.5845990618265032 -0.033390112795428056 0.8106349593245292 0.8290286350847231 0.06738577810549913 0.9976987999108217 -0.007500771001912799 -0.05433170650705442 -0.8085190744940339 0.0590102111842967 0.5855038011450452 1.4846711571419489
0.544890879083893 -0.03287789022323837 0.8378621451203362 0.9067796408753829 0.07278238343425253 0.9973141510748837 -0.00819809291324665 -0.057569935861875816 -0.8353422379796274 0.06544866996550404 0.5458203157147371 1.5406583341350357
0.5052216695318611 -0.03195728451258338 0.8623977021084999 0.9681471730127205 0.07404557469552732 0.9972341639704158 -0.00642456833071733 -0.060595168321693926 -0.8598071397141621 0.06710256460679259 0.506190604732786 1.5791482475475669
0.4656395968505676 -0.03341910770243674 0.8843432190531083 1.0489319944863809 0.07865453569606205 0.9968949094422931 -0.003742130740668131 -0.06086326337282752 -0.8814721946035952 0.07130008954002999 0.4668223081348044 1.6259747401999693
0.4300711145798933 -0.03450964978541074 0.9021352007740839 1.140492950299007 0.08213778900226809 0.9966204473907518 -0.0010331797895698856 -0.06629265814575577 -0.8990507327297097 0.07454373155636224 0.43145221295506886 1.6628427309450693
0.3929282600263461 -0.0321230295469936 0.9190078854097995 1.2285332407909508 0.08353157632553958 0.9965047399179611 -0.000882653730861824 -0.067496347948887 -0.915767360320971 0.07711299691855474 0.39423816085838337 1.7202841037635004
0.3598434859606737 -0.03275625682747315 0.9324375009888453 1.3063912846934163 0.08369869863091209 0.9964874348356458 0.0027055613404991167 -0.0691019759884635 -0.9292508775670661 0.07707022676318055 0.36132116833574807 1.7488358716076353
0.32735660973418923 -0.03385171828830063 0.9442942927034279 1.4297709876139444 0.08458534724519239 0.9963957067439254 0.006396453211318139 -0.06878983851057503 -0.9411073100846411 0.07777953941239231 0.3290400798596553 1.7776670348532766
0.2955311755494768 -0.03359250565516669 0.9547423044163026 1.5136163390962278 0.08474162385985533 0.9963638686219076 0.00882601214488162 -0.06996571180820871 -0.951567223828112 0.07829805149934697 0.29730326884759706 1.8064248194632047
0.2631793249114652 -0.029956609173151533 0.9642817246562295 1.5908347245657395 0.080085481068226 0.9967463906191311 0.009107607249232073 -0.07093534450235676 -0.9614171616219555 0.07482803187698112 0.2647221316478872 1.8306303140459343
0.23249619779023295 -0.02812951445401254 0.972190438355401 1.6810209974681727 0.08079010021422071 0.9966856954475656 0.009517573092936608 -0.07089388623005086 -0.9692360278696112 0.07633056338574162 0.23399822087519034 1.8517764723021328
0.20231650176868687 -0.027217496353652545 0.9789418986866993 1.7687354762680942 0.08255617651985281 0.9965295618516333 0.010644720485545317 -0.0707202842482459 -0.9758342640174632 0.07866409757971801 0.20386134729630553 1.8718277322878993
0.17282970035603082 -0.026889162758156636 0.9845846167806045 1.8619419716756669 0.08281662956884002 0.9964841708821031 0.012676870602252987 -0.0698298050581873 -0.9814638559527816 0.0793490397394581 0.1744489304946404 1.8869619952744399
0.14150616410770397 -0.026786203044644286 0.9895749111845825 1.9569821030620647 0.08049417311524686 0.9966350703065263 0.015466891400633868 -0.06940131735028526 -0.9866593604755476 0.07746635373862272 0.14318613907926434 1.903273047778374
0.11368375268025796 -0.025788547443918057 0.9931822366500856 2.061660283681544 0.08205614566492275 0.9964914114553817 0.016481985750491132 -0.06817646831875408 -0.9901226153033529 0.07962297229063486 0.11540099197343989 1.9125360333298822
0.08262472756682561 -0.025253292750894447 0.9962607216987657 2.1595583875833633 0.08339981120744089 0.9963474103508575 0.018338739806878054 -0.06977373433931827 -0.9930849036638667 0.08157272272260369 0.08442905318994287 1.9342578272836513
0.05929690748538005 -0.022950069359346605 0.997976538340993 2.267033416493736 0.08716394243014565 0.9960362549917302 0.01772641763257371 -0.06477753444003972 -0.9944276363329333 0.08593644778818445 0.061062288188735235 1.9348681986349923
0.038509231063236074 -0.020996921918347403 0.9990376211098724 2.353156581941828 0.09118097993793119 0.9956821085901527 0.017411706723552616 -0.06165983301602365 -0.995089477394107 0.09042271785023523 0.040257472301423715 1.928911352867859
0.01991257871892687 -0.019711982391085965 0.9996073864067712 2.4406248957113488 0.0979705196035281 0.9950324331187823 0.017670153658978286 -0.059423737663513436 -0.9949900836176094 0.09758019672008615 0.021744854809633646 1.9199327751044706
0.0011999937443899803 -0.018618829359161034 0.9998259344547468 2.540407170874875 0.10148636453438742 0.9946667395882062 0.018400950262484256 -0.055593614588501414 -0.9948362065328177 0.1014466182298032 0.003083151168806271 1.9274204935783785
-0.015310985029255132 -0.01810391081725277 0.9997188715586771 2.6230565146338773 0.10480332114493171 0.9942995915701824 0.01961086638478335 -0.05620056856304672 -0.9943750990518752 0.10507411963224093 -0.013326356181765532 1.927076786297327
-0.028948249573273348 -0.017118106111993686 0.9994343246505903 2.721500206314448 0.10813674721893056 0.993931677529323 0.0201559992224572 -0.054938826160257005 -0.9937144674138306 0.10865905782255385 -0.026921485946401317 1.9230907821165242
-0.04018452434700522 -0.01738581033117096 0.9990410089691678 2.8090991068753106 0.10839614839738627 0.9938718718880346 0.021655883320396502 -0.05388867941309318 -0.99329526275706 0.10916242883384081 -0.03805371355702168 1.9135651806191707
-0.051538894692052986 -0.017255013668448824 0.9985219110451319 2.8952318355636173 0.11011124988561195 0.9936564755402888 0.022854348940194384 -0.05679776440444982 -0.9925821149822063 0.11112638354663343 -0.049311985331120974 1.9050725474679677
-0.06181253760922313 -0.013416946633701634 0.9979975930518751 2.978077141191357 0.11109967692779375 0.9936031625624935 0.020239000280434516 -0.05620920120397243 -0.9918851102727816 0.11212823412878654 -0.05992651441817521 1.8951260538226942
-0.07396127153842523 -0.010227385492009184 0.9972086696867494 3.056690847746201 0.11192862492982573 0.9935441875371286 0.01849135831965544 -0.05960643467913611 -0.9909599957787085 0.11298383953993298 -0.07233905424510954 1.8978180451072197
-0.08216261134965716 -0.0066060361916395185 0.9965970427319354 3.153112011079415 0.11335652743916967 0.9934266541254273 0.015930491520727407 -0.0557510723113928 -0.990151303076019 0.11427967080366451 -0.08087369076447577 1.88199901417939
-0.08963181431559543 -0.004726153011883868 0.9959637550333857 3.253305567689814 0.11251563284082323 0.9935391245350723 0.014840498122083524 -0.05350646332581402 -0.9895990957094314 0.11339167295613357 -0.08852094822857191 1.8682927368390823
-0.09567366315500875 -0.0034950924520538466 0.9954066176730254 3.345349503623982 0.11300999888010498 0.9934902153380093 0.014350337304581243 -0.05381268005094689 -0.9889768906964516 0.11386385008591694 -0.09465586781595309 1.8631508775997279
-0.10002924717539248 -0.00010097021369295053 0.9949844920975096 3.43899374431966 0.1141735188816727 0.9933933424091481 0.011579069192200302 -0.049651665465430414 -0.9884121393911047 0.11475912626975411 -0.0993568600656342 1.8533588830170271
-0.10297658014586085 0.0022339396776525316 0.9946812722952908 3.5386939304680305 0.11424171661259343 0.9934066367899206 0.009596049559436581 -0.04849160936618018 -0.9881015403929249 0.11462226439595352 -0.10255282725441112 1.8364525920361545
-0.10308903260914944 0.004832335982643763 0.9946603942475336 3.645628258587111 0.1162285679046818 0.9931962430997017 0.007220989922813488 -0.043715036116376144 -0.987858072477285 0.11635235804052034 -0.1029492953830865 1.809565443920101
-0.10653967079862858 0.004362627072890799 0.9942988816402949 3.7357898352603 0.11656224885752539 0.9931500947630321 0.008132122321843687 -0.045260166403843276 -0.9874525511068348 0.11676410731557871 -0.10631840177222278 1.803064234865492
-0.10937031743962139 0.004236093063772428 0.9939920468387611 3.8409405871364717 0.11762324909882214 0.9930200914314968 0.008710297630905056 -0.0441957855637714 -0.98701717560263 0.11786922214444942 -0.10910518565343023 1.7942982192696633
-0.11126985080120583 0.004008351529874637 0.9937821458552616 3.9654578745723223 0.11697599029179596 0.993093126291741 0.009091765909354302 -0.045700756527742144 -0.9868817750865254 0.11726029008197866 -0.11097020488382946 1.7879631197835077
-0.11289412624000264 0.006507282902760809 0.9935857142339194 4.069561693607874 0.118713443688826 0.9929039820428337 0.006985752001389073 -0.04296117571116523 -0.9864897538991707 0.11874063210505664 -0.1128655294553888 1.7747854352909183
-0.11626391855270785 0.007171105534786801 0.9931924669912556 4.1783904554458005 0.11740349234079264 0.993062542480958 0.00657318092264194 -0.045686362965914024 -0.9862550994691764 0.11736848796276318 -0.1162992553904791 1.7803185333343179
-0.11573217311190398 0.00971327822555044 0.9932329617632047 4.271722929163601 0.12011655838463035 0.9927505375117263 0.004287501838038237 -0.04428459518118966 -0.9859909109665406 0.11979992694610683 -0.11605990261532793 1.7686941781585463
-0.11533471460680793 0.011265028296608335 0.993262806483783 4.394383251858494 0.11989257595021045 0.9927833016844678 0.0026619783078123786 -0.04372983226720078 -0.9860647412003888 0.1193918549732973 -0.11585297202681455 1.7545847761913649
-0.11286215689260563 0.014462683236257672 0.9935053922023547 4.515263261206431 0.11971462183019892 0.9928079783046055 -0.0008529564911888762 -0.04304430685349884 -0.986372415906691 0.11884085580443729 -0.11378184446592307 1.7413914730861701
-0.11054869989870168 0.015716386052355168 0.9937464365521812 4.618773192884795 0.12155229734193095 0.9925826434914469 -0.0021759711467548995 -0.04396084899591259 -0.9864096633557512 0.12055161155698425 -0.11163908361057195 1.7289450204708725
-0.11041142711164476 0.015648246454973504 0.9937627730731579 4.731363879297764 0.11761743053869123 0.9930556574273516 -0.0025692965978706965 -0.04576264174443717 -0.9869019489273728 0.11660014422982537 -0.11148519887831625 1.725436278254679
-0.10824019019877766 0.017881331576757604 0.9939639426089724 4.845377712179833 0.11906774511141556 0.9928740633714112 -0.0048955447527960095 -0.04579707092336825 -0.9869685574018131 0.1178191506733336 -0.10959796729318846 1.713164486565335
-0.10699456192623949 0.019523055841839127 0.9940679121714002 4.953461739716948 0.12114986446873317 0.9926132411206785 -0.0064547572463905575 -0.04924896576964654 -0.9868509887806873 0.11974056890836393 -0.10856943446514565 1.7022391608426868
-0.10535464574519011 0.02079825113154561 0.9942171952696114 5.051058337259769 0.12402045076653641 0.99225044211833 -0.0076149791624193445 -0.05185894865373975 -0.9866708298169006 0.1225009912851651 -0.10711760230037443 1.6903358681245302
-0.10591884759275755 0.02181916861568934 0.9941353638240318 5.159312712641248 0.12448452760740335 0.9921850259560063 -0.008513322209398278 -0.05713649834448259 -0.9865519753722986 0.12285274986584342 -0.10780724344596039 1.6927222796249386
-0.10525821214934167 0.019927242933946723 0.9942452482985137 5.275492753171842 0.13225494471699123 0.9911983833249581 -0.005864681738645442 -0.06709753707835378 -0.985611149679746 0.1308765444342165 -0.10696724612669369 1.686568733627985
-0.10359390646357589 0.019052847926909897 0.9944371732439848 5.395213035456402 0.13318496049488995 0.991078004847581 -0.005114157341497419 -0.06827886747776923 -0.98566224886702 0.13191428009587516 -0.10520719493074791 1.6739248626679248
-0.10348577450258148 0.02051476853086525 0.9944193475328821 5.510976779448906 0.1355876333812606 0.9907451435766601 -0.0063288350691650536 -0.07582497110126503 -0.9853459738333893 0.13417602152168923 -0.10530957743216589 1.674658767619171
-0.10348081794757008 0.021792699557174063 0.9943926782528668 5.6034834649829275 0.1384584371489298 0.9903413751766293 -0.007295326965897843 -0.08378787885059027 -0.9849471973152559 0.1369271297416046 -0.10549871867254101 1.6752597909855604
-0.1035982982190816 0.02159366754631525 0.9943847877597516 5.671286794421788 0.14054248151405838 0.9900509013760898 -0.006857373714720823 -0.08718954027905615 -0.9846396312844518 0.13904289340448855 -0.10560241615477897 1.6770203136819088
-0.10442425842834546 0.021614520252947307 0.9942979366195636 5.734902248871133 0.14151159169089642 0.9899142137589924 -0.006657237792468874 -0.09134403047733726 -0.9844135531720393 0.14000950650634897 -0.10642976284409067 1.678347943163685
-0.1055152063477697 0.020902706531179954 0.9941979773108852 5.81707230648283 0.14192140047230503 0.9898612336977662 -0.005749270415975897 -0.09378264041397752 -0.984238211673052 0.14049133383240311 -0.10741195371384393 1.6797690888617947
-0.10558632572940663 0.021041873046188746 0.9941874910687964 5.884629695932394 0.1450564213927589 0.9894079018469212 -0.005535194269367765 -0.09735281125120619 -0.9837734304359365 0.1436288388227842 -0.10752020380713827 1.676981597689598
-0.106917491797846 0.02122092462640496 0.994041408747973 5.953424224318207 0.14665721061698597 0.9891729460959624 -0.005342778853684007 -0.10084371599290426 -0.9833922475399647 0.1452121037304906 -0.10887209196328766 1.683293114178016
-0.10893583881356479 0.02156031391554184 0.9938149404621794 6.035166281949797 0.14725484392729332 0.9890842964806624 -0.005316520977254235 -0.10712998913008442 -0.9830813770802164 0.1457649042781436 -0.11092158815510172 1.6877589706653964
-0.10932402431267978 0.022092362519582406 0.9937606277300288 6.1110025045847625 0.14875383975682813 0.9888582927061375 -0.005618905934655816 -0.11261333191568101 -0.9828125726025698 0.14721142776498683 -0.11139229178768813 1.6852633982360874
-0.11298101227257651 0.022484112802711037 0.9933427180673022 6.1992523718724 0.14869684006600425 0.9888676986606648 -0.005470310772324089 -0.11917413228287732 -0.9824075226810157 0.14708888203068102 -0.11506659012378538 1.6927777543953257
-0.11399197013929425 0.021201548662306575 0.9932554178448155 6.287700317692773 0.14771238692698455 0.9890216150417475 -0.004158813357956922 -0.12822378218960084 -0.9824392507896336 0.1462420572699021 -0.11587225376841291 1.68662201414071
-0.11309805716972599 0.02052481521122873 0.9933718142895818 6.386401795479452 0.14946608213703977 0.9887609648476933 -0.0034124308142663502 -0.13225333620862983 -0.9822773130613567 0.14808945389190728 -0.11489470784574643 1.6728070013083722
-0.1133683066247054 0.020358746071813087 0.9933444259225636 6.486684151562502 0.15077680593402615 0.9885631161000554 -0.003052913179436855 -0.136975723913248 -0.9820458145348319 0.149427196135548 -0.1151413531694347 1.663134451617729
-0.11025538213689395 0.020514364794798658 0.9936915575503853 6.590052751365148 0.15680934368070057 0.9876243658301954 -0.002990276397282037 -0.14319861415797916 -0.9814553379773718 0.15549042689365178 -0.11210774594181408 1.647941838949901
-0.1117079942458159 0.020808543173052314 0.9935231897407274 6.690771294695622 0.15771599885756443 0.9874801097713743 -0.002948984617680607 -0.14879107136536154 -0.9811457525393154 0.15636507710140948 -0.11359126259150651 1.6453489314377872
-0.11107564908531425 0.022569870833001864 0.9935556356394217 6.801507168691758 0.1605952400035027 0.9870102392886655 -0.004467261750609776 -0.15106307545780173 -0.9807504111997585 0.1590641017637626 -0.11325741680611336 1.6253173020627467
-0.11198611813749024 0.02370369583126579 0.9934270200414486 6.912437617932546 0.16490157602338887 0.9862976325817083 -0.004944713209024706 -0.15486236919364463 -0.9799319259874638 0.16326394203147168 -0.11436042000117647 1.6071994686074578
-0.11716303554014752 0.021049858274112404 0.9928895842789649 7.028050979832145 0.1591592281495025 0.9872505867735499 -0.0021491882503176644 -0.16197767194677096 -0.98027606478883 0.157775734452166 -0.1190195547807447 1.6077318675171688
-0.12083323216530864 0.019450310980113798 0.9924822494167134 7.143538871939151 0.1582458503852771 0.9873997385527035 -8.450972073482016e-05 -0.16680861264036673 -0.9799783573326132 0.1570459859685347 -0.12238863284980969 1.595641146379376
-0.1227430881622926 0.01941078856884887 0.9922486359756393 7.2619527830930855 0.1588806744344859 0.9872977340960447 0.0003399118387528375 -0.17365592841407654 -0.9796382320018081 0.15769085431929966 -0.12426797199770608 1.5826711793416581
-0.12104197764220608 0.019665398122017733 0.9924525740634481 7.377644191720318 0.1600816707607339 0.9871037723711971 -3.545424657784264e-05 -0.17912985448910346 -0.9796543769794106 0.15886917475474616 -0.12262906253343896 1.5584596246176814
-0.12287403783566998 0.02016170482485017 0.9922174542329476 7.486183261965206 0.1611423386849457 0.9869311713219276 -9.877385014352334e-05 -0.1841364028616187 -0.9792523257613974 0.15987610431732052 -0.12451712235356421 1.5433723550743257
-0.11851554944931497 0.019438457680176633 0.9927619104809273 7.601095821234516 0.16060450294251563 0.9870188297062376 -0.00015310099925409517 -0.18717483927892004 -0.9798776751071105 0.15942388832400364 -0.12009898275314815 1.5167857589364322
-0.09328419548742543 0.01860083149704689 0.9954657542778054 7.711131080465383 0.15931448882545038 0.9872216166402747 -0.0035175685419093212 -0.184164446496372 -0.9828107409478953 0.15826398423450602 -0.09505555623776352 1.4596044230143865
-0.09660781212091656 0.01776699436094982 0.9951639385290171 7.853100015604167 0.1599120001913102 0.987129040886886 -0.0020997220173531884 -0.18911781124855945 -0.982392529914609 0.15893580637827853 -0.09820553252674766 1.4461614916906496
-0.09448123012717133 0.01931584453216805 0.9953392362926637 7.980988283674501 0.16024754813387768 0.987068978160143 -0.003944067820271693 -0.18673573442257851 -0.98254466589094 0.15912803179798146 -0.09635480800335502 1.428046002054374
-0.09992478928681886 0.01946521427867526 0.9948045747377057 8.134742169334935 0.15957339681646207 0.9871805933447861 -0.003287423290550984 -0.18819673607954981 -0.9821157607504538 0.15841585007984688 -0.10174994314022269 1.4118118179301091
-0.11131018130815763 0.021462788592239504 0.9935539201487694 8.293386251148682 0.16108340410293812 0.9869353690483857 -0.0032732619716999535 -0.19032337740463356 -0.9806437581812045 0.15968070023384356 -0.11331325391618856 1.39794377305578
-0.11620480395654 0.020158298514706147 0.993020687870304 8.435993407379803 0.16835177498208045 0.9857269318120155 -0.000309452503535564 -0.198089696982769 -0.9788534739161971 0.16714083552938497 -0.11793989020146602 1.3735961167233317
-0.12120245715893314 0.021402166649790562 0.9923970534223331 8.590898837473265 0.16989505171521324 0.9854620328771709 -0.0005031503529046877 -0.1989398353506857 -0.9779803861945924 0.16854236565412012 -0.12307654203133393 1.353481768539859
-0.12402231546609131 0.020769420961743754 0.9920620426260349 8.731304400744245 0.1691082297029208 0.9855973567673968 0.0005069318137728152 -0.20378992945847332 -0.9777631982812482 0.16782872664127985 -0.12574834631434673 1.3181028275304096
-0.1300567223108013 0.021287622985487392 0.9912780064590339 8.903285579022974 0.16684909952407592 0.9859821824288844 0.0007168826807668506 -0.2056770897416555 -0.977367191474002 0.16548707816745278 -0.1317854316296875 1.2757136009751786
-0.1350160635766614 0.022497855703432254 0.9905879612962233 9.068453512176198 0.16637370959805992 0.9860627310298673 0.00028147557433390975 -0.20617610302348177 -0.9767755378442099 0.1648457975280716 -0.1368773600946865 1.233346088062792
-0.13866408817400577 0.022632644424209484 0.9900808219823453 9.22502835215 0.1675100281539842 0.9858699390847884 0.0009239463221995696 -0.20569602183675595 -0.9760700083081771 0.16597658453927197 -0.14049595106605295 1.2097397556606322
-0.1391835242868122 0.023533321704513416 0.9899869339221866 9.351433360368475 0.17119193416301454 0.985237485177829 0.0006476712068392014 -0.20671057870087245 -0.9753569952815381 0.1695679231753986 -0.141157540306402 1.1864939414275684
-0.1428253355902069 0.024696651504419617 0.9894397399124476 9.500086722032547 0.1727108686518543 0.9849725054030167 0.00034561485061623175 -0.2088466563348143 -0.974562404037355 0.17093635951596783 -0.14494440876543302 1.165811047759906
-0.1446510135347195 0.02692767793332078 0.9891162643716338 9.657989080983583 0.1777212560141318 0.9840805429009946 -0.0008001527616988074 -0.21340366922083664 -0.9733916166909081 0.17567124194017045 -0.14713386867427952 1.136094187835688
-0.15122718707744948 0.02483213963801501 0.9881870788113142 9.758083812830103 0.16479900751548104 0.9863270746733453 0.00043461273870799903 -0.20893233488835736 -0.9746648783097485 0.1629179750896698 -0.15325178100801 1.1467003182851918
-0.15841087828653014 0.026221425089797853 0.9870250404659189 9.90692516396742 0.16265056962324323 0.9866837287244236 -0.0001080356504404959 -0.21019511723851206 -0.9738843801200052 0.16052307104191374 -0.16056636578545305 1.131837173677462
-0.16445970121193287 0.027008824139862143 0.9860139603960293 10.078935551572318 0.15904767530844346 0.9872707690642035 -0.0005152963759241737 -0.21096129577719425 -0.9734766785374284 0.15673848273463986 -0.16666194638783366 1.108493061646786
-0.1692818893488242 0.027902019777955978 0.9851726342275254 10.22956488857507 0.15723914485966073 0.9875600976026586 -0.0009512869331046886 -0.2124774243239587 -0.9729437256400276 0.15474666689572644 -0.17156332889743034 1.0856454856604143
-0.17182192702282043 0.028126963267187007 0.9847264083650491 10.358399772589973 0.15716566414383729 0.9875719406590272 -0.0007848803657952632 -0.21657865112142458 -0.9725102464284853 0.154630320313735 -0.17410710677993715 1.0540746824345832
-0.17413179465255438 0.029316464398443577 0.9842858644754855 10.491533597115943 0.1588888958787428 0.9872956178937509 -0.0012967861157628308 -0.21901985541430008 -0.9718191379354066 0.15616628254194528 -0.1765776184557784 1.019868740603339
-0.1761339075893119 0.030112218015394654 0.9839055345527391 10.602423001503121 0.15993824259208894 0.9871257589559395 -0.0015794183150803017 -0.22166896042769774 -0.9712860573249653 0.1570859329534416 -0.1786824124369067 0.989935161037712
-0.17955716360381566 0.030442813685956836 0.9832763904891814 10.74409353127399 0.16216145234256185 0.9867637928869767 -0.0009383077630307623 -0.2259493196927539 -0.9702901052637327 0.15928104765536025 -0.1821171586784372 0.9615890677523093
-0.1846066831596442 0.031086710507873528 0.9823207159388389 10.891022988794528 0.16287712651623723 0.9866461697947628 -0.0006142370364238216 -0.2304086591754428 -0.9692220665000412 0.15988418326752282 -0.18720479093834277 0.9388884092442298
-0.18919600996680516 0.032719769587295895 0.981394052606186 11.06182704554005 0.1640008069845166 0.9864593844073708 -0.0012720939656330615 -0.2315842077161681 -0.9681469956164043 0.16070874149461886 -0.19200024814084932 0.9078719535102698
-0.19219337123826333 0.03332272878212392 0.9807911621739781 11.167438468623956 0.16168862848331822 0.986840101811502 -0.0018441463735046216 -0.2350063365197687 -0.967945502325031 0.15822834513188944 -0.19505203235436672 0.8907070769320005
-0.19330295792696603 0.035814818223647744 0.9804852192931269 11.287799060185492 0.1634569199052377 0.9865431137516331 -0.0038105175926939974 -0.2384426518578208 -0.9674274142238168 0.15953050963636542 -0.1965558818844733 0.8678391689472689
-0.19560579717858415 0.03665618455444046 0.9799972939983252 11.41660272362292 0.16464886941448165 0.9863440116649612 -0.00402994456573751 -0.24174181249179763 -0.9667621847748626 0.16056716596670892 -0.1989700060379846 0.8360552380232512
-0.20010754591358346 0.03822630540585171 0.9790279463036079 11.57987789346543 0.16435346119167454 0.9863892360738218 -0.004920848709092521 -0.24506154341221673 -0.9658907339149505 0.15992193261938623 -0.20366655494832853 0.8062760282290293
-0.20422027536627074 0.0384250964664805 0.97817053272467 11.732799792574772 0.16461510714696495 0.9863481618984118 -0.004378357981763738 -0.24824711109413394 -0.9649849458039848 0.1601274975797874 -0.2077576446018708 0.7769230857439112
-0.20468832431526549 0.0390517699309255 0.9780478767188594 11.872131987734692 0.16660000198052266 0.9860142792326425 -0.004503386439183278 -0.2513932687994119 -0.964545037429098 0.1620209875744274 -0.208331635514889 0.7352564286511158
-0.20532047902144285 0.040098603388870474 0.9778729993719355 12.00997390141168 0.17117649391924825 0.9852302905419685 -0.004458982854863273 -0.2537099933863047 -0.9636088982693759 0.16647335103507824 -0.20915189353967764 0.6910097774532338
-0.20822717406632857 0.040101049390095705 0.9772580773870136 12.1690573666993 0.17200714448662996 0.9850884792367302 -0.003772309719530869 -0.2563191718526726 -0.9628369468533641 0.16730987392523342 -0.21201985723326924 0.6576861839891941
-0.21047471492524106 0.04041381755404028 0.9767635935720811 12.321496700505365 0.17229879890960112 0.9850380473649774 -0.003628930655138394 -0.26159998887810626 -0.9622959618908562 0.1675313958459717 -0.2142888544335727 0.634314705772572
-0.21173114562413836 0.04113393094111637 0.976461940731957 12.464801525694028 0.17168836539461602 0.9851420502557077 -0.0042715343968696765 -0.2612322115457292 -0.962129423290243 0.16674273760290204 -0.21564747226868894 0.6013907818932149
-0.21178622933345373 0.04262544561174433 0.9763860222530414 12.654813568834061 0.17124595735496484 0.9852108463211875 -0.005866036197387235 -0.2633087285698998 -0.962196141726987 0.16595981344134994 -0.21595352548225039 0.5594125797547858
-0.2146921531154743 0.0448466262614438 0.9756516076467086 12.798019963482368 0.17249130141956706 0.9849838501113357 -0.0073188765826642885 -0.27157595199000856 -0.9613293037899275 0.16672011016315508 -0.21920395649248575 0.5344020856793519
-0.21760852033288852 0.04658881048199517 0.974923594245417 12.918331641452149 0.17310179656073604 0.984867888906781 -0.008426709188316669 -0.27745696445742046 -0.9605635324672582 0.16692730195558675 -0.2223802508224414 0.5061991338320362
-0.2171983011070222 0.04761383492578915 0.9749655484784484 13.054645116943815 0.17391578482902875 0.9847161796749246 -0.00934586934015942 -0.28173963433586674 -0.9605093428923676 0.16753199160184315 -0.22215947876782932 0.46093357672112417
-0.2151252325103224 0.0480490201302899 0.9754037246196559 13.202616192897235 0.17486203649229182 0.984542835846771 -0.009933407097537922 -0.285967028962223 -0.9608040396101329 0.1684241551776822 -0.22020195598935036 0.39767687782984434
-0.21697275362120577 0.04941022888156407 0.9749263836146305 13.3701860291529 0.17597037541466704 0.9843370425396618 -0.01072444220890237 -0.28729179341829 -0.9601860502852843 0.1692312499692133 -0.2222690551367978 0.3617124749016648
-0.22207818047077524 0.0481888655924074 0.9738373144379432 13.513679043128786 0.1765728693716508 0.9842514041144879 -0.008437730768402594 -0.2935601693632431 -0.9589073487885331 0.17007941301514115 -0.22708960722096735 0.3359833592310718
-0.2261905434255744 0.0476769153392743 0.9729155923350051 13.680059415541251 0.17675399553176208 0.9842291756721432 -0.0071382644452497234 -0.29899890312991095 -0.9579122418720846 0.17035211034637676 -0.23105041738143353 0.3028859449030597
-0.23090682665344095 0.04759307819835771 0.9718111628873387 13.881259049240692 0.17677610055957116 0.9842315725896023 -0.006198531176851713 -0.3076153627970529 -0.9567822362877519 0.1703617046915269 -0.23567910789632332 0.2684838287321785
-0.23720253863343907 0.046741409266611404 0.9703350948644605 14.055330645561977 0.17436406906239849 0.9846695160537319 -0.004807865899994495 -0.3133415848106566 -0.9556841146978725 0.16805113749772813 -0.24171613123634236 0.22890404123497432
-0.24082923083545094 0.047541499646683194 0.9694024383023532 14.235411392555203 0.1743161689914706 0.9846771154547279 -0.004985130679630764 -0.3184367283894817 -0.954785397250787 0.1677819540686672 -0.24542628442275186 0.18753292246823233
-0.24747203830667527 0.04766902382537701 0.9677216823156715 14.408077773586495 0.17423452214906324 0.984696267021256 -0.003948798031097111 -0.32942257333402103 -0.953100163439199 0.16763330779394184 -0.25199038190025136 0.16304161792268723
-0.2504927825415223 0.04831562610679761 0.9669120777860374 14.592684502881394 0.17380349671801174 0.9847714750018596 -0.004181692391046304 -0.3360402327074546 -0.9523894741245299 0.16700521637532578 -0.2550755717042165 0.12196719632875216
-0.2539333644689658 0.04727616268259966 0.9660656348569067 14.75905585593392 0.1738905939939104 0.9847618463324416 -0.00248341063162315 -0.34377844843633387 -0.9514619843850396 0.1673591062653258 -0.2582847688504976 0.08106164754550846
-0.2567546240119977 0.0471203659388469 0.9653272679056805 14.916058063464565 0.17496180008527856 0.9845740427640413 -0.0015240820812673288 -0.34918364440872013 -0.9505079860576542 0.1685040813424428 -0.2610382022071917 0.051513113325794085
-0.258352073979747 0.048800693610812886 0.9648174429255854 15.075565476662277 0.17819705990938883 0.983992676816764 -0.0020542177657207126 -0.35425257226930246 -0.9494735455556486 0.17139692025845416 -0.2629126889594796 0.00702495488179538
-0.2598751854122762 0.04970967202892138 0.964361880475224 15.235465614981669 0.17829371385052303 0.9839736786386742 -0.002674200378182947 -0.35903629975530393 -0.9490396406938565 0.17124470284669233 -0.2645732642173528 -0.03755788921429734
-0.2616497816313904 0.04990918641940518 0.963871601865724 15.379430907367611 0.17865963266089763 0.9839078929354022 -0.0024482395491281085 -0.3646053533235846 -0.948483066496034 0.17156436497819083 -0.2663560422440446 -0.07961694879048348
-0.26546677115493295 0.05082592637753947 0.9627793717256499 15.484485180575689 0.1786516925615165 0.9839087257862494 -0.0026818028607462608 -0.3717020986943565 -0.9474233299626313 0.17129023477578478 -0.2702752103189943 -0.10159843904130068
-0.26726078570770534 0.052945224563867715 0.9621686315915622 15.611370231176968 0.17843201782007687 0.983941581021034 -0.004580409859746651 -0.37083995950586873 -0.9469602354056674 0.17045752648008577 -0.27241612328703124 -0.14411398822390395
-0.26599968040377375 0.053991308100820846 0.9624599257499763 15.744961951293078 0.17903111680927453 0.9838268406384824 -0.005710241091741545 -0.37306380414061974 -0.947202211377864 0.17079135308575835 -0.2713637493697741 -0.1997740724589955
-0.2686428834831666 0.05433052754253195 0.9617063974679576 15.897241047954255 0.17806130536173503 0.9840020037578402 -0.005850481469950439 -0.377784349932612 -0.9466388818798468 0.16967100629602422 -0.27401930029793453 -0.2513617379282464
-0.2701064393560878 0.05328757134251507 0.961354745220925 16.030298518821116 0.17990593424961795 0.9836757763851992 -0.003977659455934705 -0.3832274868368637 -0.9458733351988255 0.17187903215166078 -0.27528391174650946 -0.2849112365403507
-0.26986889191032715 0.05274956976373178 0.9614511241185535 16.17259936255536 0.18049691467015277 0.9835700160700227 -0.0032995882425558886 -0.3842414914505342 -0.9458285494600218 0.17264850528677056 -0.274956084945571 -0.3424707429237388
-0.27225382806638476 0.05242616879809056 0.9607962062416515 16.30645385499782 0.17929310062532589 0.9837914987808765 -0.0028759336976207123 -0.38670809904732023 -0.9453739139469403 0.171481146927674 -0.2772406519199759 -0.38847761896555694
-0.2756748102727695 0.05276941835317148 0.9598014312698941 16.43224625369477 0.1783681276731962 0.9839596503738063 -0.002866612393522071 -0.39445123054125936 -0.9445571502092565 0.1704077314059557 -0.2806652722829183 -0.41680842317647415
-0.27835182318477697 0.05270874786185823 0.9590318297264918 16.569147786230136 0.17571306844315016 0.9844365255633201 -0.0031055941638851617 -0.3962851305736962 -0.9442696543403291 0.16764997773830162 -0.28328131752084074 -0.46097514870915274
-0.27936853448588217 0.05220205977778455 0.9587638744206856 16.744235006088594 0.17382957709092592 0.9847712808150495 -0.0029669193241965166 -0.39442299430937167 -0.9443180079123777 0.16583265491706722 -0.2841883714995328 -0.528369130336276
-0.2826497291080043 0.053160575770119234 0.9577489670153438 16.9477440357626 0.1721227978449999 0.9850678586096753 -0.003880257228268488 -0.39036560728923264 -0.9436540007318267 0.1637536781814005 -0.28757931042563045 -0.6009880151621754
-0.2907949507944818 0.053381334657100696 0.9552951008471984 17.134379023219154 0.16935201328162391 0.9855493396320317 -0.0035206176058302473 -0.3915193262649742 -0.9416783910602903 0.16075737078309182 -0.2956330082196707 -0.6537730018244127
-0.2911245954846559 0.05501348552482043 0.95510208161971 17.32684871723466 0.16767948342937478 0.9858252434773873 -0.00567275590940502 -0.37884252283038977 -0.9418758202336203 0.15849954489890522 -0.2962226080603679 -0.7402269277878383
-0.2878833141833103 0.05782861566834123 0.9559179089360728 17.524483131059014 0.16739813858788125 0.9858462101492763 -0.009225677840718113 -0.3630661706292028 -0.9429215559165816 0.15736295988634538 -0.2934890768728241 -0.849995596253631
-0.29216914457951826 0.05993700480648448 0.9544866402472574 17.80227730951133 0.16842347820072895 0.9856604975016673 -0.010340002685368917 -0.371244732418562 -0.941419525475461 0.1577369301070373 -0.29807438322332647 -0.9201071037023159
-0.2866542821297046 0.062425400878370695 0.9559981128966081 18.062823715375128 0.16960626600440895 0.9854195665650533 -0.013490454506174508 -0.3498739537395917 -0.9429013930781661 0.15827617368358468 -0.29306247759707893 -1.0911885506425243
-0.2798582770407941 0.06361123554550571 0.9579316027170885 18.29560835965341 0.16958366047638562 0.9853876716074904 -0.01589083834784511 -0.3306928293214777 -0.944944827421786 0.1580023650340134 -0.28655632216454463 -1.2448285609252876
-0.28381744540453835 0.06432374456644067 0.9567184087122975 18.724408638768587 0.16856803971127884 0.9855559695606301 -0.01625567135807024 -0.3459297513348688 -0.9439451645471464 0.15665850359414332 -0.2905609051123451 -1.3461756090751027
-0.28528522543035006 0.06431077220181404 0.9562826280603232 19.04431851688745 0.16788753136040996 0.985673006860863 -0.016201862842612873 -0.35656096688116734 -0.9436239277195455 0.1559257776144468 -0.2919949227477568 -1.466398129910728
-0.2827932769138086 0.06656373220705838 0.9568684507741986 19.3064576361234 0.16953796727605172 0.9853511312550014 -0.01843978813305359 -0.3500617119913288 -0.9440788315518226 0.1570108839831002 -0.2899357551710226 -1.5950964868336552
-0.28323670625850256 0.06665315441880133 0.9567310621244907 19.51668002093907 0.16862332539840919 0.9855024549415455 -0.018737273968421772 -0.35586027822788213 -0.9441097088577245 0.15602008944430507 -0.29036974589370385 -1.6735556173802457
-0.2862712800148874 0.06910751759301596 0.9556531301946155 19.72658410001477 0.17189436158899143 0.9849177542498135 -0.019731847795266818 -0.36355270740905954 -0.9426033538517413 0.1586227233899152 -0.2938328588361341 -1.719732652016461
-0.2892028271019644 0.07064810967913634 0.9546573046884382 19.901877465743326 0.17396862686947465 0.9845448545095957 -0.020158033729187303 -0.37239057948757115 -0.9413270641288186 0.160250660084264 -0.29702370996467076 -1.7661601840992927
-0.30212104101944576 0.07821539605775113 0.9500553817503762 20.33264490950483 0.1806003022327711 0.9832753424311811 -0.023518754224535674 -0.39061783869354777 -0.9360055594956467 0.16447477857219192 -0.31119389423134625 -1.7602695618522617
