1.0 0.0 0.0 0.0 0.0 1.0 0.0 0.0 0.0 0.0 1.0 0.0
0.9991868181465072 -0.0029518271189692695 0.04021180372625087 0.005058146568104032 0.003119668902277516 0.9999866801567535 -0.004111833534454944 -0.001707589997996518 -0.04019913068959289 0.004233937379629417 0.9991827178579834 0.07803870189651252
0.9965848502122263 -0.008491966054418872 0.08213721957800421 0.01084058700915975 0.009288432520918405 0.9999134319519732 -0.0093195291367908 -0.005496185144099626 -0.08205096799416217 0.010050627570343302 0.9965774548607164 0.15383609037472662
0.992341760679334 -0.0071143726709060225 0.12331754016902542 0.034478969237331805 0.008564035795568017 0.9999002734875165 -0.011229442126932443 -0.020838617823314125 -0.12322535170463894 0.012199540199915765 0.992303725638566 0.2145410526627121
0.9857245914509537 -0.006314772805882769 0.16824729850211842 0.04054760565645628 0.008702568721171308 0.9998715573482246 -0.013458607048621816 -0.02816333648663813 -0.16814070032714906 0.014730663611867778 0.985652937114809 0.28725966570067907
0.9772543891360677 -0.009912699496705943 0.21183861145452168 0.06523988428049007 0.013206867851126501 0.9998127867837325 -0.01414107581867916 -0.02946120566999635 -0.2116587762315909 0.016617152958156124 0.9772023499110665 0.36944016038514893
0.9668484822301792 -0.011891876211137914 0.2550737063857791 0.09741474227730962 0.016552652230915177 0.9997328257656177 -0.01613340605128673 -0.028347745579928852 -0.2548137007959384 0.019820705508944138 0.9667870073184711 0.49478069949606257
0.9546897632013438 -0.01610957171870443 0.29716651516885756 0.1211214072707258 0.022650487058608403 0.9995707663098912 -0.01858059672520948 -0.0330397063716717 -0.29673963583345375 0.024469671793813867 0.9546448678371094 0.5677063346279269
0.940960784952335 -0.01921633468864486 0.3379697229975195 0.14932434105733128 0.027582883512539864 0.999420025604214 -0.019969901311879475 -0.036921988465716205 -0.3373899609043217 0.02811307351405273 0.9409450937108783 0.639007802984337
0.9253006379518426 -0.020918772726054774 0.37865701413488867 0.18087245952838435 0.031012242510604544 0.9993071879439472 -0.020576319836747466 -0.03922663662601731 -0.37796424463218353 0.030782285022336167 0.9253083165672005 0.7019113644050332
0.9072432038719116 -0.022318376287308945 0.420013879661289 0.22140461880927406 0.03334136330195814 0.9992649192222229 -0.018920219474712095 -0.04143017138075471 -0.41928286695427525 0.031169075887849493 0.9073204319240812 0.786479108098034
0.8871089856387598 -0.022183169772469244 0.4610266310939286 0.26999869045664543 0.03435536049308245 0.9992471022572567 -0.018026032172007978 -0.04117182468554006 -0.4602796506520377 0.03182979122334489 0.8872031940803172 0.8586514752422175
0.8645430003402105 -0.023003998833743305 0.5020320872219272 0.3194012917338268 0.03624439078751071 0.9992045659952323 -0.01663067739815892 -0.04277636531649174 -0.5012501817447947 0.032573782892635614 0.8646890793625616 0.9510807727683607
0.840877813555294 -0.02395221997418326 0.540694732569846 0.3723209155129665 0.03872704446083767 0.9991222430370255 -0.01596745114259147 -0.04417600481073692 -0.5398376781012949 0.03436618435280643 0.8410673258873113 1.0201932332981392
0.8153903645141392 -0.028176674918837366 0.5782254131807232 0.42866360019858674 0.044943162417708404 0.9988813560856994 -0.014701993616150868 -0.04744395620560908 -0.5771643315463937 0.03797514259238557 0.8157445819223647 1.092949726266964
0.7880598813629396 -0.02863934585788468 0.6149320379156239 0.4759334478310931 0.04727177413041453 0.9987830490631683 -0.014064148557346936 -0.05138071204462998 -0.6137809077812643 0.040152319645476435 0.788454683840673 1.156074198264574
0.7579243175549522 -0.030451261516881982 0.651631375496063 0.5199802795179398 0.0506399552773667 0.9986420535011913 -0.012232902698434835 -0.05354691938326837 -0.6503739876320138 0.0422701981418769 0.7584371474029215 1.2168892471565578
0.7275770327518698 -0.030765159374651525 0.6853358055585871 0.5806236322717361 0.05278593461327394 0.9985428816522773 -0.011214214576516694 -0.05577568305605415 -0.6839921830832488 0.044335295986575755 0.7281408345991834 1.2805352890188075
0.6936844583089306 -0.03059451697609476 0.7196289653923372 0.6380319217858398 0.05469882644118642 0.9984499952379774 -0.010278394584723197 -0.05947832943330763 -0.7181990745514808 0.04649282245983514 0.6942827282693386 1.3361123557423162
0.6582328725905598 -0.032076956531785376 0.7521306763460978 0.701611162456274 0.059282763565420546 0.9981978102818592 -0.009310504419602784 -0.06264627611564168 -0.7504765415289324 0.05071686512550779 0.6589482227054074 1.3938939956784309
0.6204571979724195 -0.02930642875469646 0.783692540935449 0.778000013690296 0.05917176355818469 0.9982024319714525 -0.009518781628516333 -0.06253453310605603 -0.7820048387840254 0.052278466311885936 0.6210759970232702 1.4845775729134458
0.5854191738986035 -0.026560632010748285 0.8102955779584798 0.8695051654609299 0.061978408732822995 0.9980045728856708 -0.012064383541483136 -0.05244314595929149 -0.8083582545399194 0.057283551971560646 0.5858971983127227 1.5299310883622395
0.5449470839877669 -0.025719093817183396 0.8380758938583385 0.9317651117076425 0.06737621134491155 0.9976403906658035 -0.013194584381014115 -0.0533915724669875 -0.8357590094028522 0.06365672883053923 0.5453940768623727 1.5768581182251906
0.5060482407159297 -0.024874951000101234 0.8621463999119032 1.001340157767952 0.06936397242083596 0.9975200427133408 -0.011933302777312828 -0.055417149242913626 -0.8597114733434208 0.06584072598260193 0.506518688109106 1.6195271530158784
0.4680155816779041 -0.026570993981085055 0.8833206652091586 1.1033302517266148 0.07520662897469314 0.9971192907063506 -0.009853073608078841 -0.05243190199762485 -0.8805142692000836 0.07104296151006456 0.4686656797280162 1.6778471416061629
0.43131254783082174 -0.0276925371462191 0.9017774722569258 1.1845890179624647 0.07925332708516974 0.9968278168342737 -0.007294774249175432 -0.06022520287040798 -0.8987148581333334 0.07461519263407827 0.4321390711316937 1.724765282793568
0.3961048130685617 -0.025500696132934146 0.9178511271228335 1.292187255691357 0.0811650058121052 0.9966736752856926 -0.00733667663389627 -0.062009891654191115 -0.9146109658731642 0.07740348499418608 0.39685700398923784 1.7740458997526802
0.36330706080194425 -0.025849361193762164 0.9313107913566377 1.3964534585308972 0.08141713742503129 0.9966716910805752 -0.0040975519642562986 -0.06241838601980042 -0.9281051822422755 0.07731332824591523 0.36420244366364873 1.802708714946457
0.3305198653501476 -0.027118237953641808 0.9434093595991139 1.523372153964246 0.08254819909910911 0.9965870358166511 -0.00027361957957872384 -0.06379590188747834 -0.940182117163699 0.07796718035475021 0.33163037459363637 1.8356026984963487
0.29947876658737305 -0.026366254322892524 0.9537385852508468 1.6353817168981344 0.08343257355836932 0.9965125096234039 0.001350493795807936 -0.061090877576197064 -0.9504480385758783 0.07916842045314391 0.300634141724158 1.8592330028170712
0.2669015967617571 -0.022425114793317796 0.9634628440539529 1.7194187759843576 0.08023115821068148 0.9967758079997228 0.0009745966716982438 -0.05994710087003352 -0.9603783103018302 0.07703961846353087 0.26784024770149184 1.8792688862166147
0.23729333716373366 -0.01984365614609507 0.9712353481254968 1.825283308074714 0.07961969757345425 0.99682489379719 0.0009137092167411411 -0.05755017282032861 -0.96816970407879 0.07711264758116285 0.23811985151812315 1.8973295869505213
0.20839445313258478 -0.019057284862010686 0.9778591778969301 1.9069226939925756 0.081640080616381 0.9966598196440754 0.0020251281416466625 -0.05796460838818899 -0.9746315453239358 0.07941047664337157 0.2092542163464114 1.912826636819978
0.17894016274609167 -0.01875748042771031 0.983681134862516 2.0000390273294903 0.08217093372125521 0.9966099955367718 0.004056408210796377 -0.057903532344878286 -0.9804225394225597 0.08010414299023241 0.17987487447673464 1.928457381284269
0.14828556800724357 -0.01839935180426399 0.9887734089132622 2.104623582861668 0.08133168946991505 0.9966668684491212 0.006348986044349761 -0.05722980687397793 -0.985594514295174 0.07947714884798632 0.14928776306937064 1.9425625919626288
0.11986929021787357 -0.016736047083777905 0.9926486075095627 2.223876396293574 0.08225590895949685 0.9965875654935193 0.0068694792340607755 -0.05327973888520856 -0.9893762270763895 0.08082777388812465 0.1208368828809317 1.951060879606779
0.08884111694085156 -0.016212851301517433 0.9959138513914635 2.321634682268506 0.08389925294266655 0.9964359382547084 0.008737065303715603 -0.05583780679197264 -0.9925060056726938 0.08278021748663038 0.0898847278268214 1.9733139726661646
0.06555787329892039 -0.01393657749930399 0.9977514405181933 2.429147461690083 0.08788719304198835 0.9960971847253454 0.00813878869621222 -0.051866517689994444 -0.9939708278152452 0.08715601178259144 0.06652685970666133 1.9745171060009892
0.04481330659104385 -0.01201143754735854 0.9989231666752073 2.5153276730376315 0.09210294367740542 0.9957186179852743 0.007841018011213887 -0.0495616929482718 -0.9947405768934604 0.09165238221421966 0.04572773246209349 1.9690341637740534
0.026281864479843594 -0.010771877326013223 0.9995965337366559 2.602861073687808 0.09906920582556711 0.9950474306390803 0.008118080786496002 -0.04814732188537112 -0.9947334095407447 0.09881587644421311 0.02721886305501133 1.960535680387346
0.0091743753671769 -0.009889002574264857 0.9999090150932282 2.7067151064273314 0.1031799369848817 0.9946229778319552 0.008890026574181299 -0.045284677008144564 -0.9946203956487211 0.10308898872711869 0.01014539120990551 1.9607199556309962
-0.0061875653910958535 -0.0097368015373762 0.9999334521508688 2.7849525109095596 0.106230625470995 0.994287762962522 0.01033917961081155 -0.04698167407763668 -0.9943222657904088 0.10628753040129024 -0.005117874033494688 1.9591221399449534
-0.02019348866860914 -0.008954419817463824 0.9997559909203467 2.885279913389113 0.108722798374716 0.9940101436333567 0.011098984979019741 -0.046511104220246305 -0.993866981104092 0.10892039625215419 -0.019098982991566132 1.9552359215674604
-0.030306660718610406 -0.007910669649833018 0.9995093434389594 2.9781027136287053 0.10952808605613898 0.993920740423735 0.011187498398362581 -0.04330399334119946 -0.9935215672953285 0.10981340110034649 -0.029255978155043664 1.9414226537030281
-0.04004213499264827 -0.006584447647679395 0.9991762969938823 3.063612453549038 0.10881010346780826 0.9940026724740495 0.010910934779958626 -0.038813956822919105 -0.9932557519634887 0.10915737338184095 -0.03908553476443674 1.9278274803195377
-0.04957300313947482 -0.0026814869735618087 0.9987669032298505 3.1450648867396507 0.11046046068910263 0.9938470956462477 0.008150895648314152 -0.03779466429351084 -0.9926434425230868 0.11072831662736111 -0.04897178690619795 1.915774060308915
-0.058431553203302886 0.0008963996318015128 0.9982910147136211 3.232265871619162 0.11043217042519725 0.9938680475232192 0.00557134163056908 -0.03955416925495533 -0.9921645475048125 0.11056898561569813 -0.05817224505282399 1.9085349575894246
-0.06717746846028014 0.004285683628236398 0.9977318380442255 3.324667555739433 0.11157759680256578 0.9937504297487803 0.0032439583657022045 -0.03854672743284383 -0.99148254025123 0.11154244165317989 -0.0672358244317333 1.8977845505511526
-0.0751245431687382 0.005909570649798877 0.9971566476679707 3.425811905848717 0.11128286230421311 0.9937856423421109 0.0024943199594105866 -0.03880725661265716 -0.9909452192583955 0.11115383056563297 -0.07531532632550077 1.886756366217962
-0.07896822612998518 0.007664072660960823 0.9968476720402837 3.5293126231414425 0.11169823914024143 0.9937414368686093 0.0012083142311140062 -0.03683721224468085 -0.990599577344374 0.11144154808938726 -0.07933006192224897 1.8689451384413938
-0.08575505342601868 0.009410195499093894 0.996271809815259 3.617166200317311 0.11368915689182085 0.99351628784547 0.000401734967419612 -0.04045977442178607 -0.9898084897681606 0.11329975289657945 -0.08626887953628726 1.868278634572527
-0.0913635706629033 0.011657391568745361 0.995749367651087 3.7199018331888407 0.11202432020902763 0.9937045416746195 -0.001354819891819579 -0.04224782156633079 -0.9894964626704985 0.11142436482676038 -0.09209430647723624 1.8620443140477572
-0.09203877818931666 0.014125012593791439 0.9956552351736242 3.83248443160045 0.11256589242151646 0.9936374078275195 -0.003690749131971095 -0.041499336159356526 -0.9893724188457874 0.11173712805076398 -0.09304316762772998 1.838249393170855
-0.09293850818310585 0.013784167314425297 0.9955764312337594 3.9450785498516927 0.11189713357583649 0.9937142738305764 -0.0033126247721858458 -0.041316975484435636 -0.9893641721804003 0.11109427850622128 -0.09389673098128612 1.8176192844541386
-0.09548187741966149 0.01381731356210763 0.9953352665963087 4.0500383792337376 0.11406682488205952 0.993468994174678 -0.0028490480653837174 -0.041250954450468 -0.9888740923624914 0.11326270109563753 -0.09643438180845049 1.8093651043107126
-0.09652929731825709 0.013798499606874506 0.9952344930557042 4.173355214446295 0.11432057495214376 0.9934402821716588 -0.002685498334812813 -0.043308780307576504 -0.9887430914559423 0.11351655019112464 -0.0974735447742161 1.8025637981835108
-0.09553859705079092 0.017207875167142676 0.9952769792905896 4.288216666848974 0.11488792465103884 0.9933594447580478 -0.006146403774577164 -0.03803972818057714 -0.9887735540774454 0.11375808781012005 -0.09688114478494374 1.7809476393607964
-0.09753282596077559 0.01878924387113151 0.9950549292249439 4.408772097274067 0.11307973185544651 0.9935562569004213 -0.0076771490492413535 -0.038075765271284256 -0.9887872987167686 0.1117717705361024 -0.09902903214522259 1.7802618260414127
-0.09778112049044817 0.021151480860588424 0.9949831492709003 4.509055593758066 0.11487956125864868 0.9933308225704325 -0.009826664569821078 -0.03881058934100805 -0.9885552786165536 0.11334236537566868 -0.09955887368987057 1.771740615779488
-0.09738556006105908 0.022710066377483126 0.9949875906646906 4.63192870375968 0.11464976823975388 0.993339974860826 -0.011450981882081964 -0.039997336783010685 -0.9886210008563259 0.11295993638730231 -0.09934067362974777 1.759668821446508
-0.09613227878213565 0.025318586573377332 0.9950465085361999 4.752047281604578 0.1154194717737756 0.993216459713569 -0.01412124957313666 -0.043226451584761905 -0.9886541005385125 0.11349023450487103 -0.09840241948454843 1.7507254279109326
-0.09528369829705907 0.026011809749940527 0.9951102464513012 4.8622339010979125 0.11811727136526738 0.9928916695504743 -0.014643863646439631 -0.04884156489731653 -0.9884175873809905 0.11614438553285585 -0.09767883427404608 1.7457455379645352
-0.09445519760227598 0.026402944941652726 0.9951789287079608 4.971340608751372 0.11678656952897237 0.9930397671371503 -0.01526165331309969 -0.050652543868314165 -0.9886552042160949 0.11478199067189429 -0.09688127679705562 1.7423888452569332
-0.09307273963073727 0.028508948835697694 0.9952510763490355 5.086708250427346 0.11800188655536283 0.9928608209333116 -0.017405315998451132 -0.05375058756270732 -0.988642007961933 0.11582154416132717 -0.09577238642260884 1.7357678642234733
-0.09176635594307626 0.03039609618646827 0.9953165392243579 5.204631245497783 0.1198879681404375 0.9926005938576448 -0.01925970323261546 -0.05769575463015559 -0.9885372077024136 0.11755908476197822 -0.09473146561644655 1.7236625646116948
-0.09207571468301813 0.03146258269395768 0.9952548259897254 5.305420651852013 0.11895069942650449 0.9926910472481039 -0.02037684517800479 -0.061726841780104645 -0.9886216636669235 0.11651004507633195 -0.09514523385201339 1.7204304210949943
-0.08965563046829174 0.03306774400433869 0.9954237249693207 5.432863604904337 0.11728463116269151 0.9928452675534788 -0.02241851890051472 -0.06397379263958906 -0.9890430643902032 0.11473795798742842 -0.09289250657889807 1.706402552774115
-0.08723333247836124 0.03217272698238225 0.9956682486366822 5.552986001810078 0.12491362320537618 0.9919430556595799 -0.021108317470635147 -0.0723466008783843 -0.9883253171109319 0.1225311795717847 -0.09054931026972045 1.6958824736414753
-0.08636139943366593 0.030282210276950307 0.9958035430889983 5.671790217592754 0.1276646551101125 0.9916337782738605 -0.019083648024529852 -0.07926196084831227 -0.9880503248941696 0.12548082533618718 -0.08950484874840292 1.687474072074696
-0.08622600210172071 0.03170396274266051 0.9957710255414982 5.78741663377704 0.13006782633236094 0.9912972938013166 -0.020298666344388854 -0.08834282323465034 -0.9877486710265563 0.1277674999700552 -0.08959926805880239 1.690081089189098
-0.08618876817633689 0.032933155791453304 0.9957343538765058 5.879787419682884 0.13294102495206986 0.9908957768031201 -0.021266015104725408 -0.09753183505497527 -0.9873693230625193 0.13054105393843415 -0.08978225387961736 1.6921920061236022
-0.08628190771738489 0.03212912354192976 0.9957525555182256 5.946130093308473 0.13366315879162616 0.9908170823652406 -0.020387968880610532 -0.10370153084413498 -0.9872636893872335 0.13133631909589852 -0.08978406820726695 1.6938820450285088
-0.08604082065542364 0.0320299719842868 0.9957766105284999 6.014758112532835 0.1347433365111548 0.9906741409215795 -0.020223248382303317 -0.10865971075818345 -0.9871378882642391 0.13243423803524712 -0.08955424138052111 1.691357055074035
-0.08712918153895467 0.03130954159833732 0.9957048851588781 6.096854406018601 0.1351684646081029 0.9906342108357721 -0.01932217630794059 -0.11213530654142442 -0.9869842916175711 0.13290437512245082 -0.09054521066003986 1.6941861311207898
-0.08788402888185518 0.03137868722519138 0.9956363670816357 6.171824023693894 0.13800039559488733 0.9902493809654775 -0.01902772485462387 -0.11845625339585385 -0.9865253611961257 0.13572597940524253 -0.09135737644733387 1.695410621201518
-0.08920057612107136 0.03152922791983317 0.9955145227501451 6.240457858622571 0.1396210848309219 0.9900256657938091 -0.018844992442605454 -0.12276336725405225 -0.9861790962549876 0.13731383344843515 -0.0927130047695035 1.702864094574468
-0.09121585563742604 0.0318585195260984 0.9953214065888157 6.322030433631539 0.14024683000099306 0.9899374387958814 -0.01883332007171558 -0.1300450408927268 -0.9859059257124909 0.13787277470137593 -0.0947660468793484 1.7087050983746241
-0.09158911533524737 0.032364296821303346 0.9952708105050457 6.397820670617694 0.14175285098353674 0.9897170445657542 -0.019138989891537117 -0.13650842399846128 -0.9856559050653249 0.13932955173720946 -0.09523503988849018 1.7074835216044373
-0.0952525756490783 0.03275805594890685 0.9949139945757454 6.48584713199698 0.14174557209579078 0.9897204499998888 -0.01901640458275527 -0.14412097349759156 -0.9853096668679612 0.13921329183115513 -0.09891673141627791 1.7164801828404819
-0.09627539799589874 0.0314913529503515 0.9948564431263884 6.5742597042902275 0.14077375332730077 0.9898833655766391 -0.017710813894638543 -0.154340964167672 -0.9853495816789465 0.13834455986421237 -0.0997345709425863 1.7118328962606721
-0.09753801699562568 0.02987205935854914 0.9947833911511799 6.660571066827406 0.14010589975268126 0.9900073809216902 -0.01599132812080957 -0.16111073254702635 -0.9853205935608227 0.13781525964222938 -0.10074860850002962 1.7096518457316427
-0.09633570081016096 0.030291111710041597 0.9948878737329075 6.76710325573128 0.1429401910968009 0.9895972763096103 -0.016289029738188847 -0.1653312340933244 -0.9850317428989913 0.14064024769592579 -0.09966336442948058 1.6901218702306937
-0.09315779450756291 0.030341579092812057 0.9951889337711921 6.870608861973089 0.14893944968628134 0.988713572632536 -0.016202210323140627 -0.17296088874770119 -0.9844484067992765 0.14671352994990702 -0.09662543391883625 1.6765946711783186
-0.09404763178689182 0.0307226681078156 0.9950935436528645 6.969679182706626 0.14910001213691831 0.9886855601478362 -0.016433183986411647 -0.17922974087464208 -0.9843394888634954 0.1468229573993709 -0.09756428570155429 1.6728195649565047
-0.09338553092635593 0.03243466135981428 0.9951015703716269 7.080683264344063 0.1519750576890605 0.9882213524203024 -0.01794827181085022 -0.18307940394989883 -0.9839627657863933 0.1495545096714359 -0.09721483519981423 1.6545949683426018
-0.09596125690201557 0.03196029570041017 0.994871839320286 7.18871193867134 0.1539558032176618 0.9879334110061 -0.016887453137101955 -0.18999058022524135 -0.98340685772949 0.151545751892277 -0.0997238048512714 1.642867683057207
-0.10001564658382228 0.029807061701190626 0.994539295106615 7.29450557678656 0.1539965888782101 0.9879704327047486 -0.0141235517865783 -0.1999474382544049 -0.9829963993078992 0.15174308278776352 -0.10340268745912969 1.6417129541918931
-0.10039760774511301 0.028331231726060734 0.9945439465744808 7.402736303677307 0.15297093133926098 0.9881489913275072 -0.012706891973649721 -0.20475190089275302 -0.9831175995394734 0.1508605722092926 -0.103541649728152 1.621089848891518
-0.10246094587378908 0.02847442802320775 0.9943294029241014 7.522298979590278 0.15346613077564922 0.9880750792538806 -0.012481364596460301 -0.2137060085668479 -0.9828275033165271 0.15131703376087455 -0.10560896750944303 1.6127654040887627
-0.09924967704487012 0.029954674929262938 0.9946115920581117 7.628554927407054 0.15717925593936594 0.9874700683938408 -0.0140550890645188 -0.21697138554437317 -0.9825701924589585 0.1549373469378719 -0.10271433889685153 1.5901334312518738
-0.0963274944905444 0.030228486756943732 0.994890573075029 7.7356673897179205 0.15733577165469814 0.9874347323503819 -0.014768354883043355 -0.22289372115911987 -0.9828359317622617 0.15510927740311398 -0.09987313603011107 1.5704442657017803
-0.10337991247872882 0.03078284027693036 0.9941654844342445 7.833520977938924 0.15726728617190971 0.987453672137235 -0.014221324931729581 -0.22929134064431606 -0.982130131090586 0.15487950841598194 -0.10692400795336285 1.575404608252831
-0.09081181746257891 0.03023214486474006 0.9954090773275184 7.950094419147341 0.15535306626730272 0.98773223178776 -0.015826025682985773 -0.22988594904775714 -0.9836760841915843 0.1532026621976553 -0.09439441553959037 1.5404239714117864
-0.0941283467054009 0.02939687505620525 0.9951259609132095 8.092002333170635 0.15599214227001995 0.98765302038265 -0.01442091810668135 -0.23659373522645977 -0.9832630908848945 0.15387441329200782 -0.09755182744327598 1.5270981952046896
-0.09199784104128074 0.03094479017299508 0.9952782611937695 8.219920424248917 0.15630162930302646 0.9875755610715056 -0.016257670544129882 -0.23582354185886326 -0.9834155774243976 0.15406794324404902 -0.09569154060618935 1.5090531642581557
-0.09744927241260837 0.031095890668689338 0.9947545852569741 8.373655562750352 0.15569437547951812 0.9876817297988958 -0.015622485893904673 -0.2391935458298511 -0.9829867246053198 0.15335529402333453 -0.10109032122176971 1.4929258309731948
-0.10881678463009256 0.03308967301768571 0.9935109364885478 8.532271264957064 0.15734701423143058 0.9874193141635147 -0.015652959123100607 -0.24327502630456652 -0.9815298388206142 0.15462267478102348 -0.11265435610015194 1.4791711773208678
-0.1136257814014321 0.031766568551185384 0.9930156428392242 8.674790310941656 0.164682102859374 0.9862648430029574 -0.012706866418108635 -0.2528592050813241 -0.9797800706274482 0.16208807660909538 -0.11729649876460733 1.4549556834003095
-0.11860526171900473 0.033006384562266726 0.9923927501099022 8.829686432293936 0.1662890818482024 0.9859924066900702 -0.012919566850572597 -0.2556520299597016 -0.9789181442544862 0.16349175064097995 -0.122432488832415 1.4349458425776067
-0.12143439232777042 0.032375707353669625 0.9920713189752718 8.970045114987427 0.16553692485793062 0.986131561176389 -0.011919335568684492 -0.2623508329088192 -0.9786987354996245 0.16277701811118378 -0.12510966192211698 1.3996828122364333
-0.127495434836136 0.03289980998501085 0.9912933554699616 9.142016462043886 0.16335167113939433 0.9864981559492941 -0.011731148477895106 -0.26649792850103304 -0.9782950197317324 0.16043375832907944 -0.13114825029902147 1.3574147276599884
-0.13259106567895101 0.03408855593576762 0.9905844636659383 9.306445899642764 0.1630067430033158 0.9865503733274484 -0.012131060255567774 -0.2693215593324163 -0.9776750027680821 0.15986347688476985 -0.13636442982222902 1.3158316472633294
-0.13622571168220987 0.03422053661426071 0.9900866175999493 9.46302624278922 0.16418969982986567 0.9863617337799742 -0.011500982755543671 -0.270813461136565 -0.9769771225297204 0.16099529498838402 -0.1399864887949876 1.2923042103142428
-0.1360210672232658 0.0346462608771504 0.9900999474187832 9.585201118310392 0.16642096134409493 0.9859861016077137 -0.01163920365539175 -0.2728331654725501 -0.9766280422436934 0.1631902081733365 -0.13988074585014212 1.2701042352751337
-0.13862546902801512 0.03630096307365474 0.9896793518189054 9.746088717754919 0.1680073237839285 0.9857049349949347 -0.012622213815134401 -0.2745953511849803 -0.9759900196680924 0.1645236189930125 -0.14274263659368575 1.2364056578969986
-0.13975736959595103 0.03859410337254515 0.989433359468181 9.915593441139537 0.1756158792040841 0.9843649508523035 -0.013590677132504383 -0.28160247928772786 -0.9744880402626783 0.17186081204978865 -0.1443499936494282 1.2027040274828924
-0.14540206732273153 0.037706282852304644 0.9886538701950944 10.047622533072552 0.16836096755562535 0.9856419048156243 -0.012830435501674588 -0.28166774232724057 -0.9749424718525744 0.16458515031706536 -0.14966263686404666 1.1845857748590207
-0.15240800868447715 0.04000839646617585 0.9875075326806567 10.195342551370462 0.1666581948508295 0.9859121510637352 -0.014222393397130299 -0.28412903592735034 -0.9741646908905567 0.1624086161417709 -0.15692863481538225 1.1651961670853415
-0.15845730704027336 0.040828999991884385 0.9865212996206458 10.36791838164986 0.1628082728929593 0.9865485182537495 -0.014679489396578193 -0.28677531499260506 -0.9738504752389634 0.15828775660484692 -0.1629731204396862 1.1402386290124158
-0.16338332568902353 0.041787788234839855 0.9856772644437101 10.517807069950647 0.16057418330976866 0.9869063662293128 -0.015223532784968732 -0.29031049821423227 -0.9734073250911942 0.1557870503299115 -0.1679540842263453 1.119528414067805
-0.16951826074017692 0.04333607130132282 0.9845737880929964 10.677697147011003 0.15979688327071662 0.9870213588321293 -0.015930891567716012 -0.2937766005015599 -0.9724857404469169 0.15463124565670422 -0.1742431131897774 1.0995339979880723
-0.1718012524618013 0.04452139321373779 0.9841250810739784 10.810772946227292 0.16155543728303232 0.9867267607930227 -0.01643594290564501 -0.2982651763694212 -0.9717943045402371 0.15616704223752567 -0.17671356649091255 1.0653096569791047
-0.17378691359470805 0.045314566791433496 0.9837401581208985 10.92160434904186 0.16263545314532055 0.9865446750253712 -0.016712676604941287 -0.30261948869446104 -0.9712609423030661 0.15708658190816235 -0.178818309300162 1.0353607494421337
-0.1771754290912434 0.04563985846173345 0.9831204761604385 11.063188361830473 0.16491105032076542 0.9861776511149611 -0.01606194021531656 -0.309078356790657 -0.9702645066209697 0.15928164916578227 -0.1822529654919031 1.006995068926219
-0.18221319506650538 0.04628195303212121 0.9821691974233303 11.21002870618923 0.1657043053937567 0.9860501331284098 -0.015723171798919335 -0.31579711764204493 -0.9691957669726103 0.15988469526811572 -0.1873404641325344 0.9842740959315212
-0.18678454571306288 0.04791205950732127 0.9812318625261474 11.380790189222088 0.16689843963267315 0.9858382439249503 -0.016366663164782486 -0.3195996632938849 -0.9681200567754713 0.16070902702940296 -0.19213579650944493 0.9532340443790588
-0.18981709105871908 0.048520461303605614 0.9806198227533909 11.48633410675365 0.16463263948906068 0.9862096587599084 -0.016929352720361113 -0.32464580997491654 -0.9679181607743853 0.15822854926829957 -0.1951875002134569 0.9360545649030128
-0.19089927462147385 0.05100786725100819 0.9802834612638831 11.606624442221142 0.16641778602868318 0.9858743627488715 -0.018890774674912895 -0.3299329772248128 -0.9673999108136742 0.15953036812159122 -0.19669131705462473 0.9131700169430075
-0.19318341469267436 0.05184621446905488 0.9797918852148692 11.73535772968879 0.1676450127421704 0.9856623348468289 -0.01910265340144591 -0.33521281718651175 -0.966734357510042 0.1605669072677399 -0.19910537486496224 0.8813682806928451
-0.19768905453258165 0.05341675613532921 0.9788082998636622 11.898558405048773 0.16741888046359205 0.9856834064047612 -0.019978508518508634 -0.34104348885683555 -0.9658622863443469 0.1599214572916511 -0.20380179419078484 0.8515665044643939
-0.2017971476258239 0.05361492023300515 0.9779587678110413 12.051409157280535 0.16774375221803403 0.9856392777941835 -0.019422864391630504 -0.3465807593948773 -0.9649559289428165 0.16012699459419497 -0.20789276274159782 0.8221924261235874
-0.20223454829730658 0.054236645019583786 0.9778341238737807 12.190670720190727 0.16973560878578406 0.9852957817275246 -0.01954598731364687 -0.3518694980508152 -0.9645159462575521 0.16202039639182964 -0.20846673731780477 0.78050651040956
-0.20279610218300514 0.05527190961651636 0.9776598370326581 12.328454580416619 0.17432127668287195 0.9844957519757378 -0.01949889323474286 -0.35630595976826235 -0.9635796975004357 0.16647261140821307 -0.20928697096545734 0.7362408104845081
-0.20568956946327285 0.05527228940813724 0.9770551545524934 12.487474487901022 0.17519653512417177 0.9843539139714044 -0.01880282238552508 -0.36136166034794337 -0.9628073405902634 0.1673091332616359 -0.21215484635695156 0.702895233013961
-0.20793228341132572 0.05558427538280179 0.9765626215688993 12.639811327823335 0.17552272352365922 0.9842986754340399 -0.018651838130094342 -0.3689865512313197 -0.9622660437956783 0.16753061173696882 -0.21442377454202158 0.6795026753251855
-0.20919793230910777 0.056305794511007534 0.9762509322003634 12.783100309681254 0.17493168781582785 0.9843915945626082 -0.019289716234070678 -0.37082293980785963 -0.962099334640398 0.16674185455058788 -0.21578235383258476 0.6465589611865197
-0.20925982394723097 0.05779808287851525 0.9761504534123532 12.973052134447649 0.174490179898218 0.9844374450926564 -0.020882859443334754 -0.3758217329855018 -0.9621660476241396 0.16595872473302153 -0.21608840432639526 0.6045545060578033
-0.21193697964016145 0.0603094356653465 0.9754206726488494 13.122368288505735 0.17521728420378044 0.9842660826206729 -0.022785563824619194 -0.3837273768299633 -0.9614476688708824 0.16608145764136817 -0.21916963624202357 0.5755258314965994
-0.21308068896309434 0.06250027486036634 0.9750335048773413 13.246837507786623 0.17440903181330017 0.9843563049966496 -0.024983082982082336 -0.387162597466943 -0.9613418276622302 0.16473123703694148 -0.22064793208031347 0.5398518454160193
-0.2136908042096324 0.06370285555141345 0.9748221306427328 13.379922710333119 0.17478662422959335 0.9842628642974548 -0.026004806390206518 -0.39323232030719224 -0.9611378029120802 0.16482888144850377 -0.22146233010101632 0.4997393211294641
-0.2116022575261456 0.06413455697067137 0.9752493236152565 13.527844754966141 0.17569781495234937 0.9840848725095207 -0.02659401283916378 -0.40007003223233717 -0.9614337015264267 0.1657218220395108 -0.21950288214302757 0.4365963520356939
-0.21343168756561995 0.06549167702670863 0.9747603577203587 13.695393150381166 0.17683811939961208 0.9838589630304476 -0.027382848497918118 -0.4042518632458409 -0.960820063419836 0.16653042095929696 -0.22156810380787914 0.4007509787663317
-0.21852732899134703 0.06426852594421424 0.9737121561615971 13.838780075644781 0.17752809282363283 0.9837957962962809 -0.02509197975787163 -0.4129519490401237 -0.959546550586426 0.16737797872696297 -0.226395736477004 0.37513802968427834
-0.22263679257319016 0.06375610436028255 0.972814482699309 14.00506963558214 0.17777962780466602 0.9837827543005425 -0.023788574536362572 -0.421219612000649 -0.9585547780541048 0.1676503847226078 -0.23036077350973794 0.3421702425382503
-0.22735279771480396 0.06367231187017809 0.9717286360256958 14.206122285100237 0.17788247603696705 0.9837865569790339 -0.02284370868085646 -0.433241064637099 -0.9574280808970491 0.16765991473350086 -0.2349928145738628 0.3079305233033819
-0.23368804941665894 0.06282944722524646 0.9702795247356341 14.380101455342794 0.17557742350726577 0.9842320085229476 -0.021445786379492106 -0.4419407929872323 -0.9563275923627764 0.16534755504770715 -0.2410346907093623 0.26848647570353334
-0.23722175005611146 0.06382709624258963 0.9693564582162516 14.543067336054971 0.17598956474256064 0.9841520970227327 -0.02173299398338897 -0.45350340598744904 -0.9553813450146684 0.16544108229516985 -0.24469518566363924 0.2386001453132932
-0.24247686346796135 0.06413955702278094 0.9680346522246306 14.713881758090455 0.17520994204176432 0.9843000081174953 -0.02133003116782475 -0.4641509291150188 -0.9542046147931051 0.16443725625544903 -0.24990786674836474 0.2017632033436411
-0.24559186916321163 0.06474507162625538 0.9672087207531949 14.885826877007768 0.17614144541034507 0.9841375672284554 -0.02115277708510183 -0.4732237462988103 -0.9532359755116626 0.1651705920246357 -0.25310047514881695 0.16122088209383323
-0.24742367098990928 0.06494077182413419 0.9667286192043573 15.027817173574855 0.17819815493304011 0.9837815058750224 -0.020478434430714648 -0.480476866386467 -0.9523796221110223 0.16720240684020848 -0.25498315735456717 0.12683688031401397
-0.2474433076076737 0.06541276244709729 0.9666917709534999 15.218215366256043 0.17808724578487412 0.9837909150374656 -0.02098495600433137 -0.4780226562796361 -0.9523952658476039 0.16696288808829798 -0.255081656714634 0.05716242023267035
-0.24898322317416577 0.06706360146245162 0.9661831233967445 15.377861949786048 0.1813552723193648 0.9831824049895688 -0.021508689427685055 -0.4863089753818716 -0.9513766970973007 0.169867100634034 -0.25695826186837084 0.013667473177260095
-0.24980828427592405 0.0682882900172389 0.9658843256589479 15.536730040705686 0.1815185487292513 0.983128687736415 -0.022561024287494715 -0.4927816035205179 -0.9511292433598821 0.16968999026517737 -0.2579892820050057 -0.034106496063465816
-0.2504178990040147 0.06858239387806862 0.9657056130666158 15.686039679362493 0.1795959406030404 0.9834651443833322 -0.023272470904066242 -0.4950288767555414 -0.9513338919524105 0.16760896465590647 -0.2585943947374937 -0.08544196735395701
-0.2518394077729343 0.07079188978478695 0.9651763678381667 15.805484560011228 0.17863780149799816 0.9835836086542887 -0.025530778730167247 -0.4960512781209424 -0.9511390269400873 0.16598732821304624 -0.2603512210537043 -0.12422922943679313
-0.2536320451641845 0.07293551219462911 0.9645471459326082 15.936877240446105 0.1781064715284769 0.9836256396073689 -0.027544253605251263 -0.4975035453353253 -0.9507622575941398 0.164805983410499 -0.26246926937565335 -0.1669448099233646
-0.2567257843454484 0.07298656909788329 0.963724458745099 16.063880030140798 0.17785595766307774 0.9836827782308579 -0.02711918390678997 -0.5061673894772379 -0.9499784892174983 0.16444194277416185 -0.26551782893187287 -0.19875109397742677
-0.25768602328488577 0.07432736043719453 0.9633656402914007 16.206800985850194 0.17903798174631683 0.9834440289241286 -0.027986480051681036 -0.5124269672291991 -0.9494963478054158 0.16526731517126128 -0.26672720153793095 -0.2527670959290983
-0.25857769688909715 0.07191534844552816 0.9633097930206503 16.336395016107964 0.17908039373971826 0.9835077130366133 -0.025353322770756935 -0.5247509351111738 -0.9492459045208221 0.16595409321691645 -0.2671917882252245 -0.2887339573000577
-0.2595847298378349 0.07118204720383221 0.963093393285869 16.465002544458887 0.17885060143542927 0.9835714124553665 -0.024489568529089536 -0.5268931057172453 -0.9490143467836508 0.1658927145971974 -0.26805107133225425 -0.3304753466533847
-0.2631105176801181 0.0715034989422114 0.9621123141947209 16.60264395901588 0.17789054502337737 0.9837461573630045 -0.02446327583969317 -0.5297816058168048 -0.9482235018588087 0.16471413877546873 -0.2715537571275153 -0.3669257364924934
-0.2636596165593705 0.07301048898477502 0.961848779743453 16.73752267394857 0.17735807593079428 0.9838012991530642 -0.02605986736094509 -0.5350476798391861 -0.9481707227592975 0.16372071427570645 -0.27233767315441326 -0.4126195196753546
-0.2662282198517975 0.07392423432474424 0.9610711433260509 16.879610997199183 0.1748051882527463 0.9842249921233527 -0.02728206443267845 -0.5377651590036717 -0.9479270441940462 0.16073696668559861 -0.27495080728422633 -0.45582367770128496
-0.2667897350485166 0.07428354166292248 0.9608877107710112 17.055078908781685 0.173638703375587 0.9844143718320514 -0.02789166937551969 -0.5391269768548017 -0.9479835641838859 0.15940608510505894 -0.2755301472955207 -0.5226298971243797
-0.2675593406819779 0.07580475351825412 0.9605548597336132 17.268212543337484 0.17118687835812887 0.9847807204529909 -0.030033070140898812 -0.534481632204822 -0.9482125562825147 0.1563987594839733 -0.27646405940022223 -0.615183992076143
-0.27595961579095785 0.076149466862036 0.9581479787324785 17.456108851684945 0.16884021277680522 0.9851967414715317 -0.029670914097141964 -0.5412263233080974 -0.9462236907845768 0.1535859345464439 -0.2847316064428134 -0.6662144965183756
-0.2752347930433614 0.07750272255238735 0.9582479515737798 17.66096485656811 0.16711235463817534 0.9854280563745682 -0.031701839648931994 -0.5351594625557634 -0.9467413953269704 0.15140962223983515 -0.2841757496119743 -0.7590890818434166
-0.26939692129049925 0.08006048529636382 0.959695585846528 17.8419108362141 0.16763453674900738 0.9852229790930213 -0.03513322581288495 -0.5222750880214272 -0.9483269272187428 0.1514133420844551 -0.2788369397168699 -0.8788982642277229
-0.26705005677801763 0.08260275421895383 0.9601359550450657 18.052424100857472 0.16851754240135006 0.9849709799413305 -0.037868279290526934 -0.5183062375759281 -0.9488340766845714 0.1516870253807468 -0.27695656925459233 -0.9866562462969584
-0.2659100759547281 0.08544477919486367 0.960203635284772 18.345447568819925 0.16964079908026558 0.9846675329396375 -0.040642943569308976 -0.5142065945637223 -0.9489540720146346 0.15208234375794621 -0.2763279390939868 -1.108509900072861
-0.26614332445376526 0.0878301418220943 0.9599237454278379 18.627859170620734 0.1715356265429439 0.9842608700357677 -0.042497865157610636 -0.5142341520521053 -0.9485479743667234 0.15335059799017942 -0.27702045848788276 -1.2055633676598823
-0.2702576606564743 0.0886932501796116 0.9586940618513637 19.085082682210746 0.17029102062114548 0.9844520644899436 -0.04307088363729685 -0.5410379573038836 -0.9476084450617224 0.15161675400187744 -0.281159376072781 -1.310001706094867
-0.2704158439251388 0.08810913688020726 0.9587033176913907 19.361270501691028 0.16671703315951533 0.9850445350149442 -0.043505113396960504 -0.5412828471673823 -0.9481986617838799 0.14806770085139523 -0.2810609431348255 -1.4330957576227916
-0.2686306817187324 0.0901024442489128 0.9590198675625551 19.618341648777353 0.16844064412611073 0.9846689313722673 -0.04533039815155986 -0.5452461435244786 -0.9484014478298243 0.14936078846393927 -0.2796892000484114 -1.5507283328622412
-0.26939997555322603 0.09066823822608444 0.9587507099078983 19.8117301517095 0.1697811303359757 0.9844359213035503 -0.04539035832717657 -0.5614944183094334 -0.9479441022305887 0.15054961781488874 -0.28060076910448967 -1.6113191844256736
-0.2748692351055973 0.09473596067325749 0.9568030107330235 20.01603301990529 0.17316855699881203 0.9837385961103828 -0.04765527661994178 -0.568489181206952 -0.9457587189444303 0.15258922726748764 -0.28680476506239877 -1.631752744487666
-0.27842458349784177 0.09722787759620634 0.9555241970364695 20.191160935014757 0.17519572731018312 0.9833131976029484 -0.04900625013324216 -0.5776592197880687 -0.9443443272643226 0.15375921188014416 -0.29081247622082423 -1.6729778002657865
-0.29228652371250163 0.10358490809862704 0.9507043467189258 20.635828941242245 0.18010818152037317 0.982289652206204 -0.051653481180264776 -0.6100551882404366 -0.9392175631904901 0.1561320145992315 -0.3057665171527118 -1.6751409189487516
