1.0 0.0 0.0 0.0 0.0 1.0 0.0 0.0 0.0 0.0 1.0 0.0
0.999066855220316 -0.002437597678516625 0.043121652539598446 0.05600954077891901 0.002661533870202908 0.9999832662796796 -0.005136477205361085 -0.0021595095672304223 -0.04310841028901355 0.005246453867244203 0.9990566248637626 1.0306974700387348
0.9965020401068694 -0.009306315436084449 0.0830486396989814 0.2050629158975548 0.010334350588181272 0.9998751027265926 -0.01195743055203118 -0.00672048371517826 -0.08292698752980049 0.01277385769805612 0.9964737544455157 2.0150307791868656
0.9924350003745159 -0.01100202856029572 0.12227724808480585 0.38480301416764795 0.013128477282224167 0.9997760445042709 -0.016598310746720694 -0.028169186264144296 -0.12206724833420651 0.018078058605752366 0.9923571789840399 3.0185755375579606
0.986656851843277 -0.0019446398463327053 0.1628019504999314 0.5748700981846218 0.007261629776585921 0.9994592279736771 -0.03207055271194246 0.20375110973176744 -0.16265154608457263 0.03282483806707559 0.9861374166728327 3.881564890022609
0.9780732134550091 -0.005113944789850486 0.20819855112483177 0.7769245997823099 0.012160992723835225 0.999395084320143 -0.03258183071445122 0.16505188929424486 -0.20790598687330686 0.03439931693247253 0.977543752277521 4.926807579392986
0.9672353221524255 -0.004680626490192975 0.25383838030596056 1.0280637961498877 0.014979136837800352 0.9991403959156981 -0.03865352130163962 0.17327724026211747 -0.2534392571017533 0.04118933096180562 0.9664739944637051 5.935631644275309
0.9541328290428585 -0.00860538246916013 0.29925990699596083 1.2821646078083635 0.02178911863024381 0.9989319451667474 -0.04074559159830112 0.11603730184896172 -0.29858964960625944 0.045397316197522686 0.9533012665627131 6.918674747721338
0.9395755740928716 -0.010691652444616022 0.34217455945183095 1.611827613448901 0.026378105882960908 0.9988017214523658 -0.04122276984650667 0.04799770033207103 -0.3413237994896903 0.04775782440390571 0.9387317263788026 7.8666382448818295
0.9227695057390866 -0.01114013020295708 0.3851912989374289 1.983084157300157 0.02915322858182851 0.9987355726055117 -0.0409554059386082 -0.014200243938937221 -0.3842480039522628 0.04902196968096741 0.9219275014594696 8.801064652278392
0.9055358701484308 -0.013816885252634858 0.4240446692937436 2.4485371496621884 0.033729031933919545 0.9986506211123689 -0.03948783808567249 -0.0643398519709045 -0.42292687344188173 0.05006027001320679 0.9047799893271731 9.682294946412789
0.8842913853565154 -0.013473930437937038 0.46674104060261223 2.920872208252328 0.035650922938147964 0.998614064398276 -0.038716431648766626 -0.11699729319110079 -0.4655725050708148 0.05087635584934335 0.8835461724989687 10.596253963728609
0.8613437609646978 -0.013944301230254235 0.5078311549229633 3.417762977254811 0.038438805830185635 0.9985465733757023 -0.037778287494167534 -0.14813013229664346 -0.5065662677809686 0.05206051539163452 0.8606278632972661 11.438732466252738
0.8369436503016378 -0.013415476862560453 0.5471246212704389 3.96520987926237 0.04107615740254571 0.9984196297133828 -0.038353517388011765 -0.1845159742938906 -0.5457454310507898 0.0545735099067426 0.8361720256643647 12.279050980403689
0.8120995038110134 -0.01573206534868652 0.5833068643773806 4.5922767827786135 0.0472351145094384 0.9981283073563463 -0.038842322423294925 -0.2211294087383449 -0.5816040232556746 0.05909639729983216 0.8113226090520305 13.067085585130801
0.7872005949974875 -0.015122428565346116 0.6165115857710128 5.2727302786615144 0.05018571474146621 0.9979544690016073 -0.03960141204058385 -0.2720043111637738 -0.6146516226867793 0.062114329699401234 0.7863492816646456 13.81599444278178
0.7581996799408608 -0.017590196436166335 0.6517851105440464 5.919501788093655 0.057444693128985945 0.9975509760249389 -0.039901847864584526 -0.3121691617292648 -0.6494869918396319 0.06769516394122177 0.757353294183156 14.54466132071527
0.7277142235839538 -0.016406185219777665 0.6856842173188318 6.590239366795885 0.059572404653342854 0.9974477689988885 -0.039358311993256866 -0.3669370497470216 -0.6832884730459181 0.06948946111227601 0.7268342846873033 15.250742645659527
0.6949381382540495 -0.015819183632977536 0.7188954982674345 7.292295974201829 0.06171167662717358 0.9973814633824785 -0.03770789663835709 -0.4375896976217272 -0.716416535939714 0.07056890200514668 0.6940946456369832 15.933471235999997
0.6630679094745198 -0.017734104836058917 0.7483491490946955 8.053282164400159 0.06841053208048607 0.9969713325476067 -0.036988662840318404 -0.4954165059117774 -0.7454266875592497 0.07572095881533485 0.6622728968261737 16.54891938979849
0.6259138788442958 -0.013160186483354147 0.7797811396551037 8.813907058731669 0.06792748597753541 0.9969777844194665 -0.03769819654604789 -0.5256550931307918 -0.7769283576487988 0.07656439685504009 0.6249161705503904 17.209598343501938
0.5915529409894351 -0.01014514134077033 0.806202328273695 9.627429215433002 0.07328368563306806 0.9964584079368598 -0.04123278637168984 -0.530679792809491 -0.8029287760609802 0.0834728540252192 0.5902013751374198 17.75013854048887
0.5555905228225988 -0.013230044363016998 0.8313507905065496 10.455841335269929 0.0787323287676712 0.9962176990039193 -0.036762978635534065 -0.6526445947194646 -0.8277199957452583 0.08587934628005738 0.554530744437114 18.260960626936946
0.5159645512409521 -0.01099235912525073 0.856539403590743 11.283937117683347 0.08054227869943431 0.9961104562888654 -0.035733740552766284 -0.6961181355075837 -0.8528150580311217 0.0874249787695215 0.5148430342177348 18.797259141486077
0.47615976348814554 -0.01047840105221795 0.8792963566092512 12.158203036967969 0.08653639831760479 0.9956338083766609 -0.03499673389910776 -0.7198850902583382 -0.8750904704092772 0.0927551762910135 0.474987521804619 19.300726559148398
0.43876179734241416 -0.010389420147723642 0.8985433462787701 13.048044352728828 0.08869644302140815 0.9955509629065747 -0.03179970520529575 -0.7758362523020318 -0.8942153131031724 0.09365009452631479 0.43773123444301804 19.752835837310553
0.4043085577616147 -0.011502100787807218 0.9145503221792618 14.012628725003898 0.08949352533239607 0.9956202282573551 -0.02704200451804148 -0.869130084054926 -0.910233760659482 0.09277964627137313 0.4035671421132504 20.194761865158085
0.3732640051282646 -0.012675597113329667 0.9276385673921869 14.94944951846925 0.0924103952171116 0.9954417129544705 -0.023582089943186575 -0.8978973717572397 -0.9231112074562982 0.09452579197283592 0.3727339175879818 20.540315556327332
0.3431432400649566 -0.01240863089431373 0.9392011193972533 15.919454933149826 0.09520350441003413 0.9952227106896211 -0.021634437262225293 -0.9102907788480825 -0.9344458301826664 0.09683894881158735 0.3426852906783351 20.857165606229113
0.31082328453050845 -0.01229018618893725 0.9503882559865253 16.870271229894925 0.09799395965569563 0.9950021341901578 -0.01918167948931914 -0.9429252742412157 -0.945402596603513 0.0990944210360721 0.3104741954734106 21.16925743349339
0.27934581639865924 -0.008779593427170178 0.9601504223817336 17.85106982351187 0.09582006354095433 0.9952215422836029 -0.01877757166557805 -0.9850926254978083 -0.9553975247422272 0.09724711056839702 0.27885223542680143 21.478547653400174
0.25076665997450837 -0.004631137151379495 0.9680364842369917 18.840537265910818 0.0964758699383383 0.9951296965794804 -0.020231003565674897 -0.9924201586634819 -0.9632281602844003 0.09846542314091092 0.24999214323816568 21.71484004047323
0.22112280270650722 -0.002229291032382575 0.9752434241689164 19.854478134218766 0.10056849137588855 0.9947183276812849 -0.020528690102592888 -1.0039731924071535 -0.9700467435467205 0.10261812138430233 0.22017910095638044 21.939777954164857
0.19159497631992692 -0.0017550043472840504 0.9814725085343495 20.90551234481543 0.1031783122924527 0.9944933503483004 -0.01836333263588851 -1.0339762630897 -0.9760356555584676 0.10478499927354201 0.19072100829692656 22.132939058238787
0.16384766136178766 -0.0009683931099867431 0.9864851778314049 21.996085720806622 0.10280706457871609 0.9945710257274643 -0.016099138366071082 -1.0545210834831353 -0.9811139848860481 0.10405545155448002 0.16305769427663588 22.29138746667146
0.13551285985608466 0.0014105072263191952 0.9907745834865723 23.102311331295716 0.10591994817539625 0.9942474899958357 -0.015902616624459114 -1.0548289996045364 -0.9850975735388584 0.10709780159437289 0.13458391992175744 22.4271808132701
0.11074043205252845 0.0022977439397304403 0.993846707033639 24.164635733066678 0.10930440777218144 0.9939028906926222 -0.014477234350004961 -1.084413271816364 -0.9878203800035673 0.11023504091548984 0.10981408199301418 22.531259248556296
0.08753308065935689 0.0031932939788161217 0.9961564950668385 25.28366254251076 0.11368460348370023 0.993429541403295 -0.013174110899639761 -1.0975327154311558 -0.9896533588691733 0.11440082666137959 0.08659491981725455 22.595888579277183
0.06702334896182738 0.004095715256784909 0.9977430008827309 26.40436164846905 0.1178775162532933 0.9929557007145038 -0.011994481252925909 -1.1108962452236886 -0.9907637265543668 0.11841537710579471 0.06606842369087411 22.636892254477996
0.05019938579275834 0.007550922759874588 0.998710671431674 27.51736615428652 0.12601749657232034 0.9919315578924526 -0.013833835863587985 -1.067790873121214 -0.9907570904231143 0.12654946867739067 0.04884280657164533 22.6277341337221
0.03382547013861769 0.008142817126569791 0.9993945827845706 28.70906826444152 0.13073949904035717 0.9913379236915142 -0.012502177477456107 -1.067335166958806 -0.9908395535910836 0.13108323912783293 0.032467883503202295 22.643402192593744
0.023223821849411432 0.007110595574859744 0.999705003253099 29.775664033033237 0.13299097113605407 0.9910653914293152 -0.010138614666282549 -1.1104944556969971 -0.9908451219514559 0.1331871966130114 0.02207068108081603 22.598304280964864
0.008260381031626811 0.008092587664064345 0.9999331358296478 31.029910141778714 0.13656331968198265 0.990589131151348 -0.009145105918348696 -1.119090841218897 -0.9905969038022722 0.1366297305483718 0.0070774930328769674 22.64396850504932
-0.003185946586934645 0.006898067995539878 0.9999711327844796 32.21380268235924 0.1354732896137848 0.9907603093554209 -0.006402906150621811 -1.1500234342733155 -0.990775876546035 0.13544897956013924 -0.0040910133893957605 22.638855062991
-0.014448037099066172 0.005766253719763327 0.9998789949499013 33.373753488204066 0.1358973610345623 0.9907158254744411 -0.003749722435329026 -1.1962130471063226 -0.9906175657072841 0.1358267406387252 -0.015097517664657415 22.612450730917438
-0.024507520822368508 0.011430570535996106 0.9996342948700612 34.58519164886465 0.13632392399976767 0.9906321316935278 -0.007985449370335403 -1.1726778551185728 -0.9903611306833716 0.13607836607470813 -0.02583619782380868 22.575879033851937
-0.03335507634934051 0.015596225899658223 0.9993218683784609 35.760127233502516 0.13719133310171522 0.9904848215242115 -0.010879175149283769 -1.1981952025993103 -0.9899828165193085 0.13673542360281574 -0.0351773638673317 22.53818511160062
-0.04244675355848085 0.022938534734790152 0.9988353701869831 36.98744782478153 0.13774065270174238 0.9903243173255202 -0.016889615361043518 -1.157604104822112 -0.989558379129621 0.13686332649021388 -0.04519562098687781 22.50112840396132
-0.051063709099623183 0.024991742040252025 0.9983826473065243 38.28308162065282 0.13693047574538253 0.9904209198756693 -0.01778893714587361 -1.1769399475097126 -0.9892636364615507 0.13580064176000853 -0.05399669686598903 22.471675026488484
-0.05391753694877639 0.025272011120945306 0.9982255379738997 39.596171960844856 0.13781451043469406 0.9903011813272189 -0.017627562950214514 -1.2159587053852263 -0.9889894134534615 0.13661952904259705 -0.05687745037495952 22.35760991730276
-0.05767855389984577 0.029318782857108844 0.9979046013481456 40.93370057318127 0.140116621474924 0.9899125973394856 -0.020985280914243863 -1.1989634026918738 -0.988453598711884 0.13861262063886748 -0.0612047759014759 22.241115516380113
-0.06123992620167714 0.03190222484428109 0.997613111125149 42.24635245586221 0.14120581555128595 0.9897134782953554 -0.022981482437142396 -1.2276545916283235 -0.988084302624684 0.13946138867262656 -0.065114760048649 22.156241798186326
-0.06341953000220392 0.03354655269541478 0.9974229754805902 43.6130973048273 0.14259688365404244 0.9894846490041592 -0.024212768476049293 -1.2594152604901399 -0.9877469777156769 0.14069384559167128 -0.06753628525594078 22.031603212114494
-0.06381977219596609 0.03326581576420315 0.9974068488728147 44.9601058360661 0.14148331443071424 0.9896507802571975 -0.02395422455484262 -1.2946988508182453 -0.9878813230416664 0.13958767366019925 -0.06786584522113438 21.91454232929296
-0.06235584241007985 0.030437219816004245 0.9975897576495072 46.32741176301415 0.14226512249714895 0.9895993660086602 -0.021300932283195 -1.3447314586505295 -0.9878625328648715 0.14059399149726962 -0.06603745692154642 21.784249229595034
-0.05917818210257279 0.03317771044490462 0.9976959367927032 47.694370903833516 0.14262027146611095 0.9894755719917356 -0.024444848098620246 -1.3202929515102568 -0.9880067818238731 0.14084506367376132 -0.0632871796556496 21.628210225045073
-0.053510648511435756 0.03965553729857131 0.9977795592501623 49.149991112800116 0.14520514483247712 0.9888995155755589 -0.03151529800920572 -1.267098861931182 -0.9879534788693565 0.14319632137730118 -0.05867484242794051 21.399059924411663
-0.05599956686147322 0.03960026223853029 0.9976451612381868 50.6048600080689 0.1429298217246797 0.989239554682608 -0.031243711577073032 -1.3239637856388948 -0.9881473142062764 0.14084361072480245 -0.06105704500646533 21.35935575525306
-0.05273330563152915 0.043570685177985645 0.9976576536419159 52.03371556018685 0.14707991776780513 0.988491078126562 -0.03539613331434921 -1.3459404277239835 -0.9877179234308681 0.14486885054183446 -0.05853477492995176 21.245949356763436
-0.051248426773884304 0.04527603733130782 0.9976590996912604 53.54276134845334 0.14759752878463728 0.9883449844871393 -0.03727145202146894 -1.387403631040902 -0.9877188710609254 0.1453419144042575 -0.05733375678808596 21.13642659830297
-0.04663644123532989 0.049410989880185975 0.9976891281496276 54.99085791642599 0.15021326904962268 0.9877654285278472 -0.041897875920241905 -1.437905642460448 -0.987553044727385 0.14791217760638395 -0.05348805067870894 21.016807799949728
-0.04719059194934489 0.049692482814911995 0.9976490892007872 56.56797539726331 0.14745798162150836 0.9881657228199218 -0.04224509320496869 -1.516375231440352 -0.9879418969188322 0.1451177501047865 -0.05395967862157176 21.012969404947633
-0.04244963344664184 0.04653365553154232 0.9980143523632903 58.15101651286532 0.14580567221616544 0.9885087732637834 -0.03988873437609207 -1.6315424877297098 -0.9884021117793288 0.14382289137479495 -0.048746706009288196 20.870165432451394
-0.039309341108959235 0.045408859925754 0.998194776154345 59.71749945375086 0.14793912782419297 0.9882220972102728 -0.03912928626938985 -1.7247139812471648 -0.9882149513947841 0.14613391812162574 -0.04556410664355567 20.747400088662506
-0.03509768089423844 0.04846080102182246 0.9982082465899437 61.340932535889536 0.1489063295098633 0.9879278256530124 -0.042726061513037 -1.7794737915295267 -0.9882282417679356 0.14713994041333284 -0.04189009557657468 20.65237306610216
-0.034078796901300425 0.048626679762392475 0.9982354840502546 63.04288271531956 0.14967460908384536 0.9877994607116848 -0.04300856674323519 -1.868599158756619 -0.9881478366101689 0.14794482563778621 -0.040941196485288024 20.557885933674044
-0.03093050054196456 0.053446625059042734 0.9980915601316456 64.68736482848333 0.14854761864433097 0.9877256016420586 -0.04828810263342719 -1.8955099957665995 -0.9884214228411488 0.1467705492618873 -0.038490216133998195 20.49225667035097
-0.027926002103311264 0.053563395135118465 0.9981738832027841 66.2972764280032 0.1549131236300637 0.9867312056520162 -0.048615346545095445 -2.0105468837282214 -0.9875333222396607 0.15327260190302208 -0.03585313057705263 20.44395256334989
-0.025020671542377578 0.05226861929458895 0.9983195667884137 68.00168954630743 0.15297152335208095 0.9870716742317277 -0.04784582502917578 -2.0601345832594093 -0.9879138014214153 0.15151733025108405 -0.03269280646673904 20.345784419178667
-0.022698135588218774 0.0532469339074017 0.9983233737974283 69.68616392234205 0.1571685007552202 0.9863537003203667 -0.049035091869814924 -2.1837518070861925 -0.9873109221573387 0.15579198276479322 -0.03075713079985064 20.282467840941415
-0.022222824670487022 0.0551601240776802 0.9982301872691487 71.39274493151602 0.1595351937718669 0.9858778167808175 -0.05092594945277006 -2.2925784480860245 -0.9869420793602007 0.1581211279090436 -0.03070897095205463 20.250985680147526
-0.018693928387737084 0.05851932050552566 0.9981112293572323 73.08942016470492 0.16079152419655215 0.9854677640713376 -0.05476652009022172 -2.359433306072242 -0.986811341031295 0.1594640244814316 -0.02783167454900205 20.181526042277913
-0.013894770008992426 0.058302867318707596 0.9982022395430769 74.77831690258101 0.16121831301462436 0.9853677275264656 -0.0553091050194476 -2.45478135101831 -0.9868209518018528 0.1601599738129063 -0.02309094786130034 20.06067771926067
-0.01332740064298254 0.05216078990598987 0.9985497646028887 76.48449757174025 0.15225145496533127 0.9870998995077682 -0.0495306254018471 -2.567656184578438 -0.9882519288385123 0.15137054002725092 -0.02109703199071481 20.05975878207144
-0.0008675684025047173 0.059323930044546926 0.9982384077208892 77.97408157472047 0.1654072124585047 0.9844969028510293 -0.05836353607726736 -2.5967304706502414 -0.986224975039556 0.16506519803036945 -0.01066672430602825 19.861444771854988
0.0009298605407185961 0.05920276221617756 0.9982455450966707 79.83088806132726 0.1702824433155112 0.9836575029021346 -0.058496209132228374 -2.7374508111432534 -0.9853948573327715 0.17003808376453905 -0.009166526703666562 19.796842464813263
0.001216830069843077 0.05838684929080236 0.9982932911496872 81.61879258721132 0.16989177252172674 0.9837694650862004 -0.057744481930672276 -2.883404153823387 -0.9854619753973287 0.16967208195194933 -0.00872236505106209 19.83605615137178
0.004641823171611226 0.062062964483629024 0.9980614419549265 83.32965504724417 0.17447828386515543 0.9827121890255239 -0.06191996447138521 -3.026872741011141 -0.9846500809613088 0.17442746911014664 -0.006267063324643319 19.826756384878692
0.004207624927069321 0.06335982356022267 0.9979818779170745 85.19231890972674 0.1744796467977822 0.9826355244774472 -0.0631211445417296 -3.1640543155948473 -0.9846517906071122 0.1743931156707575 -0.006920437908941409 19.834210981405324
0.0034895625559098658 0.06410095810344357 0.9979373177326263 87.04320458795976 0.17423126951172158 0.9826404496318982 -0.06372763506955952 -3.311079894854558 -0.9846985770668608 0.17409426733079322 -0.007739405988321859 19.810975782156905
0.006079672887659564 0.06452804476826923 0.9978973739899123 88.91395408455732 0.17361702792042427 0.9826920352570843 -0.06460256541633726 -3.4217471848594134 -0.9847944786571744 0.17364473870715968 -0.005228721226510625 19.75134414036424
0.010000673852722856 0.06749837576267703 0.9976692617254935 90.75416542008227 0.17327736630462995 0.9825082227408244 -0.06820957830980603 -3.5082121345969624 -0.9848222889684315 0.17355564386118633 -0.0018701964887467158 19.71932236453819
0.01082190911285959 0.06702578612943783 0.9976925529825726 92.687773382371 0.16868960419778184 0.9833283734446702 -0.06789055467632235 -3.6452821587454944 -0.9856098131201549 0.16903506728603354 -0.0006650630477049112 19.714509514661962
0.009830390883977143 0.07133587624569666 0.9974039082414541 94.52923915278471 0.16387477982881019 0.9838514558003209 -0.0719817300129154 -3.7107775359508044 -0.9864321669284339 0.164156954405995 -0.002018506631370847 19.779120475601065
0.009210568328710115 0.06782740711797576 0.9976545535778978 96.39964918371508 0.15765696093666537 0.985120051147214 -0.06843074963734573 -3.928853688668766 -0.9874509851629476 0.15791747107703666 -0.0016199473313593205 19.754816334029265
0.0065501294082012836 0.07031378302474883 0.9975034173983989 98.41802651322023 0.1583420109187406 0.9848668956927499 -0.07046279405998081 -4.0361648624968245 -0.9873625997489189 0.15840823742873475 -0.004682620182800876 19.756038129798572
0.003982346761851719 0.06956799357769464 0.9975692633515941 100.4762119263392 0.1565969705844191 0.9852260723321824 -0.06933235320315632 -4.210033236631728 -0.9876545599135608 0.1564924300612605 -0.006970625185058483 19.674362078081298
0.0009161340723826034 0.0674252249167383 0.9977239095778395 102.44690626811085 0.1547361124593291 0.9856980053631565 -0.06675460826094093 -4.395128662345438 -0.987955412050227 0.1544450752469146 -0.009530085657518318 19.624041492849308
-0.0036627871544079203 0.06988858589543823 0.9975480788171553 104.39351454886156 0.15461058002008826 0.9855990799040919 -0.06848373703342144 -4.553745537132464 -0.9879687001803811 0.15398064571155334 -0.01441555445134552 19.64412609046326
-0.00564593536040615 0.07388983250650354 0.9972504279598315 106.43533258097024 0.157576659403609 0.984872572764113 -0.07208059259051361 -4.699637248658575 -0.9874906175883917 0.15673642866022397 -0.01720383985432919 19.56174391758503
-0.009881750665689772 0.07804465702764002 0.9969008890121522 108.43991639375069 0.15663086011626656 0.984764030371957 -0.07554189661916967 -4.814931927095692 -0.9876077787578518 0.15539895750944033 -0.021955394370392785 19.53840264484054
-0.012397435535284931 0.07938432197178058 0.9967669903328606 110.38750490204812 0.15665685411789515 0.9846879582912562 -0.07647388347720661 -4.986235214809192 -0.9875752799913692 0.15520230095356688 -0.024643703631667492 19.48275144000579
-0.018644967808681998 0.07654864623520131 0.9968915035925281 112.4330609407471 0.1553212767792652 0.985181981580981 -0.07274451283660013 -5.241648817652591 -0.9876880409092086 0.1534821420482963 -0.03025831980124573 19.47302896812506
-0.023980583480092327 0.07370796587070759 0.9969915081800633 114.47260069416062 0.15738214233677703 0.9851211426482288 -0.06904488091769456 -5.482245482050599 -0.9872465714751504 0.15525292291823298 -0.03522409737529682 19.424728552057353
-0.02936102174345735 0.07691678456117987 0.996605106677138 116.39557369492866 0.15631597207360473 0.9851211865463053 -0.07142523848254137 -5.57521647697414 -0.9872706048884787 0.15368817804363794 -0.04094748652558244 19.423341089812407
-0.034777940324854574 0.07385850379118196 0.9966621374791406 118.46845752753966 0.1572758073236469 0.9852435198196655 -0.06752427033338719 -5.796778897627465 -0.9869421539773517 0.15440248725680952 -0.04588089614921175 19.324533919100073
-0.034703356405147684 0.07487068570464968 0.9965892120007789 120.45206493414797 0.15581409887732403 0.9854011393285779 -0.06860438179149526 -5.944048353841342 -0.9871766020552064 0.15290184770649873 -0.04586263536555456 19.186047186211887
0.018782459609059204 0.054805992574136514 0.9983203505834177 122.18633056240823 0.1582834037147412 0.985741704334146 -0.05709340106259579 -6.259158259946502 -0.9872150643702257 0.15908989758743905 0.009839774698022928 18.306926311276833
0.01019246989840605 0.06113557846953201 0.9980774291619695 124.24304225300105 0.15948664300223658 0.9852525820734241 -0.061978707807867094 -6.348701094926013 -0.9871474683456599 0.15981173474701885 0.00029184910700558566 18.386647700866646
0.002377623248251931 0.06344941030249313 0.9979822239098027 126.34061277964024 0.15984417068941276 0.9851290252950201 -0.06301305117119103 -6.481393024720403 -0.9871393964401896 0.15967146223904616 -0.007799752697464214 18.42954533656356
-0.014177063377405425 0.06356501029741782 0.9978769965982193 128.43438210711219 0.15944863812432952 0.9853505316430887 -0.060501748660549366 -6.651482541129367 -0.9871044233890799 0.1582523909979778 -0.024104731260345513 18.53500992457745
-0.01759772246391292 0.06471905334273347 0.9977483471790389 130.53173437745258 0.15946546322537306 0.9853109094753488 -0.06109973573742596 -6.799190265963505 -0.9870466484429185 0.1580311861731301 -0.02765968174641849 18.47872580654954
-0.020323875232585602 0.0631895756996293 0.9977945768636105 132.64744156774233 0.1619985667450332 0.985020766862035 -0.05908090404765712 -6.966242910820968 -0.9865816765316915 0.1604405384353788 -0.030256059863775536 18.415501209800798
-0.023752222102805517 0.062463879147605046 0.9977645492534865 134.74618999143405 0.1631899050140022 0.9849016409733543 -0.057773804700054755 -7.111610840160109 -0.9863087178194756 0.16145284577805535 -0.03358707703071952 18.354621087250038
-0.029361103662693146 0.0632586798240025 0.9975651683066293 136.93148688416815 0.16478934596715514 0.9846461046422578 -0.057589235700346936 -7.279228971095354 -0.985891676122394 0.1626972281256113 -0.03933465282441038 18.351357339798728
-0.026539654633121593 0.0675430151718478 0.997363317870399 138.9754816752238 0.16796261907596127 0.9838318163206158 -0.062157186136652075 -7.351630700890869 -0.9854360483182536 0.16587012478676932 -0.03745525835077583 18.186499613575457
-0.013381575084867852 0.06016227193740415 0.9980989101705194 140.9422666588773 0.16454799714952148 0.984712099892062 -0.05714925161584686 -7.586933331665903 -0.9862783025507184 0.16347042962413766 -0.02307658025294732 17.75208773403453
-0.022107764059425276 0.07647506963292107 0.9968263692804948 143.09870479832716 0.1673630321155222 0.9832828942283088 -0.07172423160343964 -7.5487667513839565 -0.9856474330354585 0.16524622126585847 -0.034537285764278676 17.913271285191676
-0.03642742168355882 0.08620775152534821 0.9956110016097818 145.37476776403062 0.1674630319462888 0.9827109840697739 -0.07896362909578991 -7.647809994242776 -0.9852051440592674 0.1638515955539191 -0.0502342388574808 18.03511772491084
-0.03916884705419552 0.08754398802595514 0.9953903011286364 147.51981697974747 0.16552202804420157 0.9829610634904361 -0.07993751243246273 -7.823095858485161 -0.9854279576166779 0.16162796113998054 -0.05299190999721864 17.932395102521316
-0.04369044784051562 0.09068464465285887 0.9949208209660106 149.6797673847362 0.16680022239595685 0.9825555720407978 -0.082232801607661 -8.004143978278092 -0.9850222487721545 0.16236022627407976 -0.05805451186665058 17.825084366708978
-0.04995430218538038 0.09383621128080961 0.9943336125997329 151.93975173123758 0.16716505993840383 0.9823180054786438 -0.08430408559645194 -8.189546771853902 -0.9846625870972043 0.16200648618165678 -0.06475714637096848 17.7486940830956
-0.05420618410916144 0.09702700706975859 0.9938045328450708 154.1364984257296 0.1668305935331309 0.9821583323949271 -0.08679034029547295 -8.362897435906056 -0.984494409667066 0.16109242690550604 -0.06942612856833641 17.613058523883836
-0.05645187526177308 0.09896258209616114 0.9934885973801061 156.26007171772238 0.16412868632261376 0.9824575591191463 -0.08853766913391752 -8.52571628362107 -0.9848222987450274 0.1580618609105771 -0.07170417017191574 17.476848866226682
-0.05686478353325645 0.10323747706223808 0.9930299188461243 158.4715904519784 0.1653171403879015 0.9818825214403595 -0.09261186308402374 -8.705608552958733 -0.984599735673172 0.1588985129563868 -0.07290146152558373 17.28528893204924
-0.05692025936810965 0.10717206293570718 0.9926098090385631 160.65777523345693 0.16769020765580428 0.981123464032116 -0.09631584803125202 -8.904087547306572 -0.9841951424030796 0.16096862194766678 -0.07381750753343479 17.10069071288531
-0.05683472723403533 0.10975618765164465 0.9923322997123547 162.8461173836018 0.16752861906219899 0.9808943500013456 -0.09889608652800869 -9.109684652518375 -0.9842276035426679 0.16062332771929425 -0.07413616537854334 16.89928843827589
-0.06278082158025954 0.11502474654506349 0.991376757909904 165.11944718542907 0.1706827977555689 0.9799394135634489 -0.10288891240197075 -9.340655076527778 -0.9833239298379944 0.16275150821781284 -0.08115414703382655 16.78630584606525
-0.06491413611347102 0.11839871699728015 0.9908420150286525 167.4484054348598 0.17226886531999724 0.9793581564836965 -0.10574043394189926 -9.575211953086024 -0.9829087409185047 0.1638271807187639 -0.08397060130628448 16.58600512659847
-0.06715144202144835 0.12087307554406401 0.9903940546282374 169.73169939694432 0.17143419587149275 0.9792699794496703 -0.10789172273414538 -9.817572184202243 -0.9829043698754892 0.16254232358732318 -0.08648116975676909 16.37522362187472
-0.06853053718435541 0.12382754691336538 0.9899344948523832 172.01320365738957 0.17217231482408699 0.9788471091318657 -0.11052163115114437 -10.071791977727042 -0.9826801409824749 0.16286520674966912 -0.08840059360122131 16.164914637256288
-0.064687705544999 0.12405134997428571 0.9901650182272054 174.1230411408495 0.17299323897688187 0.9786138637270453 -0.11130249318643463 -10.331474368786436 -0.9827964387499624 0.16409195071905938 -0.08476433029053417 15.841801427170376
-0.06171031401942255 0.12694175315712414 0.9899887011724029 176.22919689737307 0.17916080458894026 0.9771773077691092 -0.11413113194989576 -10.552332817967342 -0.9818824997130081 0.17032410424398764 -0.08304490514664552 15.553470389046334
-0.06051479571551442 0.12748447740113159 0.9899927613479156 178.37376942277098 0.17988345322891175 0.9769648584304701 -0.11481118693915927 -10.816677309629494 -0.9818247821041944 0.17113554105941023 -0.08205317685715394 15.323424330797863
-0.06432766765964638 0.1303997786514917 0.9893724520629799 180.70701133922645 0.18375718631002175 0.9760205897666607 -0.11669235121021829 -11.08771560539336 -0.9808645409295268 0.1742977512166666 -0.08674702454792843 15.163636064726864
-0.05659812954418612 0.12720615575149896 0.9902601908948103 182.69063215233226 0.19105851776775523 0.9748995678290628 -0.11431305890011055 -11.331661370872935 -0.9799455569165489 0.18272773896055633 -0.07948131160137484 14.764430950775226
-0.061418507849022336 0.13064289662349932 0.9895252399284328 185.1676819340609 0.18977509922885738 0.974840472288283 -0.11692504137882605 -11.608506597939442 -0.9799046783265575 0.18060588902520475 -0.08466601586905134 14.617139615191654
-0.06116941667492833 0.13483717781809432 0.9889778753550061 187.47683963536488 0.19056224488132364 0.9741852169707044 -0.12103385419599451 -11.8821178294734 -0.9797674894021726 0.18105827380652467 -0.08528521675391364 14.394814022792877
-0.0585531055232952 0.14206428492871154 0.9881241181052475 189.70704406090698 0.19144655235354122 0.9730480637619575 -0.12855225863847602 -12.087038745873938 -0.979754944578244 0.18164582174331648 -0.08417270351886381 14.111553922261749
-0.04981234802364477 0.1449785626596665 0.9881801183759515 191.7693096969393 0.19266097741080185 0.9722204424569735 -0.13292538904169796 -12.347607757002926 -0.9800002437588896 0.18376242172410936 -0.07636029462099209 13.70536380172851
-0.042680697642778376 0.14490926179560304 0.9885239824579778 193.94220200705692 0.18978266213358044 0.9725866816909224 -0.13437889622606974 -12.673500560344358 -0.9808980065237234 0.1818693279343687 -0.06901194356402382 13.37362812383188
-0.043775309313342024 0.15051398362207283 0.9876382247709619 196.2527314401309 0.19204353662633458 0.971416846409802 -0.13952989124660733 -12.903548491108142 -0.9804096094666599 0.1835615734445931 -0.07142931065028034 13.19988413008085
-0.04724524054083576 0.14928826069652879 0.9876643673153574 198.63201321784564 0.1912612147084727 0.9718258145668414 -0.13774517737380096 -13.272701915092298 -0.9804014662343566 0.18239408257864506 -0.07446719845553619 13.020212663743314
-0.05003484452653071 0.14874430103959732 0.9876090558725397 200.95394374602634 0.1911796743595366 0.9719885764077081 -0.1367060329491857 -13.627702589356801 -0.9802789635838287 0.18197071259179018 -0.07707018433770957 12.849530445711094
-0.05258725664928437 0.15328710081399732 0.9867814576501444 203.45339396050042 0.19025369317436927 0.9715875115695737 -0.1407879241823033 -13.928383687854147 -0.9803255136288217 0.18033516597183263 -0.08025655887400245 12.636217962698167
-0.050541707634426614 0.15836091691082207 0.9860868905854909 205.7973534661772 0.1945978173648804 0.969986445273533 -0.14580118470864878 -14.262310436615566 -0.9795801270269923 0.1845213157897606 -0.07984146011311768 12.382691064382321
-0.04804632958776188 0.157918326944633 0.9862825924795359 208.05740241102475 0.19621791620950252 0.9696751396545839 -0.14570055900465595 -14.677899783880754 -0.979382499114387 0.1865259380109816 -0.07757573639726888 12.158739852590132
0.067265950655522 0.17124435718440706 0.9829296322804142 209.3428114912671 0.18093911090276152 0.9667319428135717 -0.18080483646634227 -14.68975162009197 -0.9811912810599798 0.19001242295282114 0.03404334142635362 11.214596602758508
0.06604747601743433 0.17054664482833493 0.9831335478201965 211.6832063174953 0.17991152534221214 0.9671013794694469 -0.1798520638673256 -15.172097417567176 -0.9814629763576219 0.18875583107839544 0.03319129815387424 11.32126852797587
0.061667175036158026 0.16417247040529953 0.9845021886639375 214.07859378266457 0.17841033130057585 0.9686801608753514 -0.17270929219855918 -15.767108529478673 -0.9820218496593012 0.18629585579805474 0.030445704199311065 11.465857823225297
0.06644016838316286 0.16304158634988278 0.9843795737141914 216.26002928039028 0.17753673096826067 0.9688854057176618 -0.17245805212987383 -16.18015052930466 -0.9818688370563133 0.18622167357168867 0.035427039247433435 11.462361465306
0.06920813227329911 0.16437509257140612 0.98396700319136 218.5364256904841 0.17955269124128576 0.9681722469233596 -0.1743655107966875 -16.613627893207983 -0.9813108913566844 0.18874143485074996 0.03749140268417816 11.521663374281628
0.06814760222289765 0.17259493539948845 0.9826326335847586 221.0011465514612 0.1831869196506433 0.9660124550127502 -0.1823800680698221 -17.012705100086528 -0.9807132388115173 0.19243420962679836 0.03421429796344017 11.608790775119624
0.06670882993070683 0.17225129930370167 0.9827916472464879 223.38260726416868 0.1823076478161504 0.9663002518833117 -0.18173537013469748 -17.505985952285233 -0.980975969918232 0.19129378740157651 0.033058029955549996 11.70322497877461
0.06550309388914 0.17417881635353336 0.9825329941659134 225.79927057290357 0.18188042299349497 0.9660689448267442 -0.1833856743943019 -17.97328807896003 -0.981136512633515 0.19071584563173455 0.03160078800148227 11.77041809683485
0.06811146559329938 0.18024561282599594 0.9812605909297062 228.1086606261336 0.18672255084138703 0.9638623669668105 -0.1900105958951435 -18.377769662745365 -0.9800487320853061 0.19616538074319576 0.03199415783949762 11.793859925606954
0.0651204572103385 0.1832116972072743 0.9809142674358186 230.57413202209224 0.18650760884390843 0.9634437864358375 -0.1923303985892722 -18.860323833027245 -0.9802929347373884 0.19547261799190854 0.028569524310799174 11.890079420273644
0.0402814490786755 0.19265675349417757 0.9804390752072296 233.52114742083052 0.19747408167364405 0.9603463834102386 -0.1968217745525893 -19.392319436112135 -0.9794801641316024 0.20153957230271902 0.0006394284667420926 12.44479198927641
0.0366235836624082 0.24160079993523167 0.9696843644147205 236.17838684462095 0.23659418064088997 0.9406523070381948 -0.243303166750028 -19.47583221948104 -0.9709180741991501 0.2383323115617812 -0.02271128483880838 12.678849332547308
0.07438239380847483 0.2350387580055486 0.9691357189406093 237.56111389658884 0.2297628739635013 0.9416423390734906 -0.24600554264536764 -19.81792357615434 -0.9704000624687485 0.24096988919659348 0.01603843075953158 11.796399440709285
0.066722270589818 0.22864296773925102 0.9712211549954666 240.0834527896324 0.2271502462056135 0.944349461380457 -0.2379219629188825 -20.613115439580447 -0.9715713582933918 0.23648781806645464 0.011072833878423293 11.857059415646109
0.08880768154861261 0.23100202014010485 0.9688917702143786 241.9510050397267 0.2249526274553392 0.9429514005745638 -0.24543628817966603 -21.068390295527283 -0.9703141301140046 0.2397513771507123 0.031776816320036844 11.428748517766625
0.07991210860580247 0.22638842238575105 0.9707534893616744 244.34979030986852 0.22259824320286684 0.9452218943683579 -0.23875843970359314 -21.791595791448017 -0.9716295986749113 0.2351677116791069 0.02514100957481034 11.542588975830702
0.07892580475231643 0.22924792383311476 0.9701629279468511 246.63325035954603 0.22644029580540523 0.943636655582736 -0.24140143884449763 -22.34546233258756 -0.970822079363545 0.2387367832128919 0.022566314750106942 11.584163721813256
0.07407373271322729 0.2280381558769048 0.9708304082517148 249.04958117015101 0.22645966830952396 0.9442259385127424 -0.2390677637593059 -22.99178320072608 -0.9711998253454678 0.23756257387053867 0.018300894648490267 11.65110877622682
0.07027586257292005 0.2285975426761772 0.9709811875737073 251.4365604889101 0.22416380775053896 0.9448729189374329 -0.23867499733620878 -23.61150085692675 -0.9720143468253999 0.2344319315730539 0.015158463791413238 11.710941137390176
0.07171955391151115 0.22226148897385714 0.9723456875545133 253.72700173240275 0.2174463220643822 0.9479238057489306 -0.2327177593462539 -24.240862946353328 -0.9734338203531886 0.22812340742149156 0.019654729176497358 11.695702530936556
0.06366034555812264 0.22087254860229116 0.9732228304336836 255.89408375292513 0.22319785575966947 0.9473471479089552 -0.22959986614338018 -24.78877946661108 -0.9726921802850597 0.2318376557479408 0.011010167555181869 11.818902336559958
0.060530548986150505 0.21854798236593606 0.9739470375966115 258.2739250148281 0.22869862724266915 0.9467435924014614 -0.22665724816139993 -25.407188275308098 -0.9716136014572618 0.2364600381683089 0.007325285843436748 11.83402971897578
0.05891457208081247 0.22100722704734133 0.9734910779197626 260.7329763504456 0.2303554994066893 0.945856438401397 -0.2286743138783266 -25.949783448683704 -0.971321479783921 0.23772127277017818 0.0048144971593224355 11.811607866957578
0.061985426319063945 0.23138559142624032 0.9708854283613358 263.88863302983964 0.23197521978456254 0.9427771188860319 -0.23949697599523287 -26.326639004784717 -0.9707447163543794 0.24006668278894105 0.004762718211927061 11.238441589875215
-0.03203994594677599 0.2659747758407346 0.963447383348048 266.5259983431979 0.27397073363913954 0.9293584227765321 -0.24745294325093925 -26.619661736719316 -0.9612041817288126 0.2560280075124431 -0.10264589809753172 12.977371515674273
-0.025896644638041283 0.30767749593249805 0.951138224598928 270.90419503266446 0.301787122316974 0.9094716407116077 -0.28598228536918274 -26.959096364939548 -0.953023555112951 0.27963528611040517 -0.11640536998704476 12.072249506688301
-0.03139360576605647 0.3185033345483982 0.9474017455116698 273.445130311058 0.3145235398352223 0.9028635789394092 -0.29310800179157037 -27.67772943386558 -0.9487304065995377 0.2887784335892773 -0.12852093948923762 11.923353826592814
0.01087192819925174 0.3418205675753459 0.9397023468948563 273.7232291311247 0.3206929248383811 0.8889249532987887 -0.3270603543099581 -27.32516100939869 -0.947120820769891 0.30491167079208176 -0.09995510931886445 12.06881602519148
0.018118333265411075 0.37437712694959785 0.9270995053480777 276.4642785171231 0.2961888709310006 0.8836216454622023 -0.3626085222485728 -27.28445535550426 -0.9549575271897174 0.2811664177807139 -0.09487658708057717 11.566262795894996
0.021497843124604874 0.3727929632300148 0.9276654835161092 278.6574444066432 0.299884604758186 0.8827500150774632 -0.36169273521840256 -28.229423931864858 -0.9537332261015202 0.28596821055307414 -0.09281764909248709 11.269636109521578
0.07816209199768198 0.38397304725525255 0.9200301007880467 280.2345844823475 0.27303562071464854 0.8793240363445064 -0.3901804568757595 -28.41567822260235 -0.9588233607894153 0.2816983104108455 -0.036108513070499906 10.460378339267091
0.07708148109616215 0.38266420063208645 0.920666364557015 282.4490859439092 0.2791655825836643 0.8781939516339216 -0.38838378031828924 -29.472877997874267 -0.9571442016607226 0.2869555590474033 -0.03913418402173386 10.422109670851386
