1.0 0.0 0.0 0.0 0.0 1.0 0.0 0.0 0.0 0.0 1.0 0.0
0.999066855220316 -0.002437597678516625 0.043121652539598446 0.05600954077891901 0.002661533870202908 0.9999832662796796 -0.005136477205361085 -0.0021595095672304223 -0.04310841028901355 0.005246453867244203 0.9990566248637626 1.0306974700387348
0.9965020401068694 -0.009306315436084449 0.0830486396989814 0.2050629158975548 0.010334350588181272 0.9998751027265926 -0.01195743055203118 -0.00672048371517826 -0.08292698752980049 0.01277385769805612 0.9964737544455157 2.0150307791868656
0.991950934414387 -0.010015397083761065 0.12622612857756182 0.3545673232817006 0.012264561990639345 0.9997793469746361 -0.017053969688857334 -0.021289685918645426 -0.12602747412212284 0.018464809347114596 0.9918548918980902 3.038083825091814
0.9777454219724256 -0.01538009730071784 0.2092303573074038 -0.16262673114491322 0.021739837818264475 0.9993678411523017 -0.028130011059786495 0.015350814198952359 -0.208665448178655 0.03205262356826044 0.9774616923740757 3.813566764410967
0.96732950346446 -0.019470930558864806 0.2527736429898757 0.1104495278572501 0.02795210672049983 0.9991588513109354 -0.030004492611914117 -0.0068516438995314295 -0.2519768073793441 0.03608978678496848 0.9670600890496558 4.822475027680048
0.954650174300334 -0.018568680103116342 0.297150212565245 0.42776993063765134 0.029936196676378257 0.9989818623907235 -0.03375000359874492 -0.009222655143770778 -0.29622097973792366 0.04111499402395953 0.9542340847137635 5.828105827347585
0.9392502419427587 -0.023170269725102725 0.34245017391050514 0.7639650109827776 0.0366178314811855 0.9987891188133808 -0.032854688517866694 -0.08904520291313005 -0.3412742554428692 0.043398556898317835 0.9389613665274297 6.835263822365317
0.9228401331636191 -0.024980675892162442 0.3843722862727287 1.1342968846659858 0.041020114182028666 0.9985936822414835 -0.033585830641636887 -0.1396821164822283 -0.3829927399508339 0.046761347493053704 0.9225670368735197 7.763315901911881
0.9039630037493319 -0.0251488425849937 0.4268704997644146 1.545823872017888 0.04332958441498627 0.9985179887911823 -0.03292982196789198 -0.19418079508975458 -0.4254097259900277 0.048263462132835944 0.9037130093431441 8.683956802480257
0.8846274182975593 -0.026896146659873818 0.46552221009426215 2.0442504993787454 0.04669540486113231 0.998426497363777 -0.03104945292198985 -0.23495591512684189 -0.4639545990299598 0.04920494545013214 0.8844913811802796 9.548791990519405
0.8630056658122408 -0.028566355668835853 0.5043859475637411 2.612292196197391 0.050380288395806355 0.998289540116691 -0.029661770593822655 -0.28034243802937203 -0.502675886946178 0.051009385581545184 0.8629687104788135 10.408668834823107
0.8385959992876623 -0.028387345768012773 0.5440137025654548 3.156758928001392 0.05228897722758083 0.9982248124248674 -0.02851467551685812 -0.29263032129235994 -0.542238520246599 0.05235821291436004 0.8385916793655857 11.22753535627494
0.812534731825777 -0.027751622007477137 0.582251798668555 3.7394736750222077 0.05448316065318936 0.9981090468529382 -0.028459019581812336 -0.31911267981162894 -0.5803610038433425 0.054846860131399736 0.8125102627977536 12.044174477020515
0.786110367204064 -0.02987143974021472 0.6173639021372559 4.399539919859751 0.06019419290561177 0.9977834705190046 -0.028369087040171822 -0.3445469674962536 -0.6151480713736608 0.05946295524860468 0.7861660176059305 12.805237965010004
0.7598025696502644 -0.029133041902559137 0.6495008244970593 5.111536272913005 0.06269904427570148 0.9976226358834908 -0.028599059771081983 -0.3833892327842725 -0.6471235469365717 0.06245272005589528 0.7598228561696805 13.52497553141203
0.7292502207635014 -0.03135767637898204 0.6835282083780423 5.788858086943083 0.06944174381771383 0.9971833832916074 -0.02833980068134951 -0.4121023767547265 -0.680714301107256 0.06813219664163662 0.7293737341369277 14.225898305498987
0.6972538211985638 -0.031475395469902745 0.7161329543485728 6.4894816501911805 0.07126195876836965 0.997130154309329 -0.02555755464729004 -0.46837997910738866 -0.7132733291358205 0.06885313970377277 0.6974958086586873 14.904009857135724
0.6632760171467608 -0.030683069675411016 0.7477455946464844 7.223363784393502 0.07267497186659808 0.9970775788893659 -0.023551011449827595 -0.5232467564680233 -0.7448377498100638 0.06996321112852526 0.663567536537515 15.556147660098295
0.6301103251988843 -0.032374065142959575 0.7758304569839188 8.010239929702726 0.07874884917350687 0.9966434754438201 -0.02236965822520187 -0.5663175985677371 -0.772502166231011 0.07519110826010934 0.6305447647923279 16.139406767140503
0.5916907855737606 -0.027769826671677083 0.8056865711886549 8.798146509833934 0.07754306023865239 0.9967329914435555 -0.02259242299547998 -0.5817228527172638 -0.8024269985960905 0.0758431308333654 0.5919110840569407 16.76783908730795
0.5535988407145583 -0.02357606668812011 0.8324496937587371 9.629837555219234 0.08093568200553987 0.9963903831889587 -0.025605071116071743 -0.5725674874135823 -0.8288412024856119 0.0815498213859373 0.5535087060689532 17.341346391631056
0.5153530479938103 -0.024901144517821227 0.856616115261202 10.470967379007675 0.08655610915495328 0.9959786406129102 -0.023121146399266223 -0.6439912541316941 -0.852595610997057 0.08606091124641356 0.515435974359563 17.837959451798543
0.4745838025922731 -0.022592867506314347 0.879920324037865 11.323593499583982 0.08771724778603561 0.99590817430152 -0.021739199623206664 -0.6738926864997351 -0.8758286925865704 0.08750126111809206 0.4746236725499925 18.33533584162871
0.4337007518137953 -0.02182516996998873 0.900792606448305 12.220504117012116 0.09306224523424486 0.9954453446325413 -0.020687782901115642 -0.6834005849244857 -0.8962382921902579 0.09280208944406118 0.4337564936767022 18.79777086476223
0.3962630386908265 -0.022528609084512007 0.9178605917786377 13.142815952696592 0.09507436880308767 0.9953314916535212 -0.016615839415225302 -0.7286244459595851 -0.9132012201942171 0.09384925942965844 0.3965549746760192 19.20283172069911
0.3622774633788095 -0.0240685553575275 0.9317594883717675 14.07921370412782 0.09593532348029957 0.9953200895794136 -0.011590210885041537 -0.8091774442723003 -0.927119977800363 0.09358752012224221 0.3628910619467277 19.54955778689718
0.3303169206403926 -0.02477383551968587 0.9435449056681366 15.044151250297052 0.09885469790223973 0.9950657409893594 -0.008480554932033963 -0.8119369578075151 -0.9386791148423967 0.09607511739749205 0.3311360614245345 19.86971260810799
0.2996805787534164 -0.024400806079980523 0.9537275037350372 16.02734919300071 0.1011569082008947 0.9948503292565443 -0.006332637790253576 -0.8085148530247672 -0.9486615996451279 0.09837389410201253 0.30060563254528905 20.143150260661304
0.2668643454116805 -0.024178668665704534 0.9634307516005238 16.99149982745247 0.10342022216859684 0.9946309254393606 -0.0036850788648730834 -0.825644480574376 -0.9581689197602858 0.10062163853364915 0.2679320941287377 20.412664785385047
0.2350137395044157 -0.020757686242926936 0.9717703744743363 17.9856308597375 0.10073334512396988 0.9949086009240353 -0.003109499560158073 -0.8518124043239849 -0.9667581576714446 0.0986204556327928 0.2359081819405484 20.678038366017127
0.20610798333280164 -0.016558249277168438 0.978389147316834 18.984606790417647 0.10092260683664254 0.9948844478354165 -0.004422994971295852 -0.842976924930223 -0.9733109095431847 0.0996531978217197 0.20672472887422905 20.870138935313804
0.17612736755158862 -0.013967851649812315 0.9842682812727621 20.007593451772916 0.10453037903307656 0.9945110939726373 -0.004591712594577498 -0.8379605116588631 -0.9788015888108009 0.10369466276351308 0.1766206858094845 21.04980459234593
0.14632381349299683 -0.01339413562568666 0.9891460654199198 21.066522330614646 0.10665716084806608 0.9942931639646817 -0.0023138999403666143 -0.8507713166292589 -0.983470178319961 0.10583808966503976 0.1469173479591802 21.196057185666536
0.11838808125530015 -0.012642093692603508 0.9928869219018632 22.163248732334292 0.10583218650689258 0.9943840035542515 4.2125888489631796e-05 -0.853463614865641 -0.9873114050368597 0.10507440669586304 0.1190611546292654 21.305885358290627
0.08985706680021893 -0.010125388383481598 0.9959032001435408 23.274271618593094 0.10848083850495654 0.9940984889874782 0.00031917091972478583 -0.8356566909524296 -0.9900290981700093 0.1080077344586865 0.09042518495297382 21.392407544836463
0.06493599583032418 -0.009094112061919712 0.9978479912147592 24.340513200909616 0.1114590721434299 0.9937673883946935 0.0018036075288321205 -0.8478317125106158 -0.9916451944533635 0.1111020921900107 0.06554489628150079 21.449164407339346
0.04160146349907051 -0.008006723427800105 0.9991022022869767 25.461371036746467 0.11545828820518741 0.9933073260347776 0.0031527337931239892 -0.8425991076409216 -0.9924407800566555 0.11522347167827034 0.0422474810485022 21.46401035406586
0.020996699097291294 -0.006919182621547816 0.9997556019042194 26.582853600830596 0.1193142818046056 0.9928469389233103 0.004365550144736673 -0.8375746999142861 -0.9926344950607291 0.11919345947855002 0.021672065731405305 21.45517943189014
0.004058516363815773 -0.003089669907832396 0.9999869911077773 27.693496147045128 0.12717693003123173 0.9918767735174133 0.002548455320363517 -0.7761975110414727 -0.9918717441850812 0.12716493265263568 0.004418482849898175 21.396639279225155
-0.012378072225038636 -0.0022872755434756213 0.9999207727108088 28.884549935013084 0.13162948235239327 0.9912913259422189 0.0038969843932988983 -0.7561809290819891 -0.9912217020947592 0.13166729085960904 -0.011969202732781119 21.359358913097143
-0.027419115792088267 -0.002363770155833239 0.9996212306067891 30.08577788624992 0.13487045620676066 0.9908448157404911 0.006042446754064807 -0.7866340893808983 -0.9904837970061697 0.13498504995311844 -0.026849285975492698 21.328778955307488
-0.03468590474881867 0.006018042527861418 0.9993801434768904 31.140158135963137 0.14050523629065184 0.9900793404313477 -0.0010854611641683805 -0.61971741272916 -0.989472165645231 0.14038049300085723 -0.035187364183358216 21.17931922663474
-0.04612058536191699 0.004773379588078951 0.998924474849417 32.3229849299283 0.1393233786986186 0.9902454765412884 0.0017006873673072762 -0.641053944354668 -0.98917232459965 0.13925196959766195 -0.04633574440209572 21.12409198570026
-0.05697322763677247 0.004176041104653439 0.998366972617455 33.46681880094782 0.13961712530872808 0.9901981737405715 0.0038255772593309176 -0.6716705316903652 -0.9885651772408208 0.13960708220406468 -0.05699783281223961 21.036947921216736
-0.06815607279938249 0.009534507890423857 0.9976291108923467 34.665582135908416 0.14052791315027854 0.9900767073861558 0.00013826430966309633 -0.6498681731509948 -0.9877280270227189 0.14020416060402438 -0.06881960464233872 20.95316002061863
-0.07771183639162488 0.014292647168171304 0.9968734075706749 35.85806207688184 0.1417986358582591 0.9898905477147778 -0.0031385368688359636 -0.660198613380675 -0.9868404214225205 0.1411113878532361 -0.07895289016087567 20.870382636812398
-0.08711635880749138 0.020595905003641054 0.9959852151137621 37.066795519032375 0.14139771954862748 0.9899197088885741 -0.008102768688007274 -0.6297665743393187 -0.9861122780569017 0.1401241544168767 -0.08915041454969823 20.780143662113193
-0.09472823885288631 0.02279295089157823 0.995242202759452 38.31036135624123 0.14220144762568457 0.9897956004549472 -0.009133324323219958 -0.6524742574205371 -0.9852945290911699 0.14065969824255842 -0.0970027846678746 20.69261404241144
-0.09926010038161723 0.026390519544111268 0.9947115023716296 39.706828714089326 0.1459781508208182 0.9892188862381507 -0.011677953274873188 -0.6482810635085461 -0.9842955917584746 0.14404699090209278 -0.10204240518963921 20.53596461207092
-0.10224461269382434 0.03354021421125808 0.9941936899848813 41.03688073623381 0.14976697257973218 0.9885584101159463 -0.017947805251268236 -0.577083471938957 -0.9834205067515073 0.1470623127102885 -0.10609798810962227 20.348875760791135
-0.10578798906944466 0.03615952457144347 0.9937310451784283 42.34445761052384 0.15084377806077165 0.9883571781354816 -0.01990585462680621 -0.6017358210616552 -0.9828809978776656 0.14779234489931503 -0.11001075765654007 20.204942870272383
-0.10768958823067115 0.03730961954910369 0.9934842449056807 43.69764224530124 0.15085007282723792 0.9883385434506445 -0.02076485150148054 -0.6332970898779182 -0.9826735002607556 0.14763101238887003 -0.11206192960283874 20.02353673840234
-0.10809263660749634 0.03697949740316714 0.9934528165358684 45.03818691637199 0.14973654545318127 0.9885133137568484 -0.020503548015055245 -0.6637032501802055 -0.9827995466355216 0.1465399102540584 -0.11238819259933483 19.846348658828724
-0.10663127623584913 0.03419864779388049 0.9937103317453155 46.39845643604742 0.15052237312381556 0.988445163080881 -0.01786546308353855 -0.7086863444466218 -0.9828391455968208 0.1476706202028169 -0.11054683085202546 19.654910923220367
-0.103464085039936 0.036947899536244444 0.9939466966727689 47.75704750389664 0.15088788309940815 0.9883271132495309 -0.02103244991987698 -0.6789823204450104 -0.9831215742931432 0.1477984097874954 -0.10783135083851611 19.438414536275406
-0.10028784580936102 0.04403473714927552 0.9939835460947596 49.138130420939355 0.15333639183107167 0.9877690558422975 -0.02828857120196717 -0.6253511190578426 -0.9830718686460039 0.1495768506307542 -0.10581335847726862 19.22367217054813
-0.10134726771690455 0.04579977364712644 0.9937963131649218 50.60073403167796 0.1538937124993202 0.9876372723910614 -0.02982186173137959 -0.6668553796567591 -0.9828761145635266 0.1499166398963803 -0.10714263625039373 19.08091646427365
-0.10023224851069308 0.04933964355595313 0.9937399538774031 52.07416734169655 0.1583329666457585 0.9868332736577979 -0.03302668125911563 -0.6941306682797259 -0.9822851765305451 0.15403145644838134 -0.10672461006134616 18.89778186185036
-0.09874971889520089 0.05106589564090902 0.9938011709192697 53.57626662301962 0.15885307532736814 0.9866846487573057 -0.03491567507171978 -0.7317694996378374 -0.9823513594825208 0.15442045916609695 -0.10554680626989743 18.71553288281991
-0.0941380864843503 0.05532006947619822 0.9940209809587593 55.01701285559799 0.1614745654301523 0.9860826123119567 -0.039585937088499536 -0.7784339957903105 -0.9823767023867217 0.15678256155956818 -0.10176071441677063 18.526019035407295
-0.094707101427489 0.055466701354771435 0.9939587566795839 56.59221855461833 0.1587229922329134 0.9865154759383488 -0.03992777818471308 -0.8541758156939326 -0.9827703580571785 0.15398266387797602 -0.10223386204779814 18.44563283929715
-0.08999179601229754 0.05224899338392934 0.9945710227735612 58.16671542268013 0.15708413530313656 0.9868680214326087 -0.03763087442192348 -0.9650055377283876 -0.983476512727451 0.15284485913519893 -0.09701751362199547 18.225741888265205
-0.0868807334302494 0.05119932803211733 0.994902189648652 59.72585787204627 0.1591965876425435 0.9865582602066979 -0.03686794950777438 -1.0545039820087687 -0.9834165875363264 0.15518191913685522 -0.09386366353073165 18.027308027975526
-0.08336872088862693 0.05026677120331662 0.9952501736197729 61.31427624460012 0.16057987790281955 0.9863526779721156 -0.03636615830626371 -1.1856066635753202 -0.9834956833611987 0.15678535126099657 -0.09030279309000319 17.858368021856396
-0.08235121762961484 0.050471842014390145 0.9953245049322331 63.010159575418676 0.16135309418465013 0.9862156107481559 -0.036659897895188205 -1.263609341681019 -0.983454857099176 0.15757970135877472 -0.08935984426866421 17.681165107095264
-0.07921381804648511 0.055230058852019336 0.9953264849433585 64.64970165843887 0.1602479539096804 0.9861841466459148 -0.041969300351971106 -1.2800872529598832 -0.9838931671163595 0.15617448416266816 -0.08696991547808368 17.53630983341087
-0.07620371983297608 0.05566463955540083 0.9955372624803077 66.25601198925146 0.16661981461383357 0.9851122765692654 -0.04232776784305157 -1.3850944836885009 -0.9830721389916767 0.1626507007537651 -0.08434405185097495 17.409334508118214
-0.07330984331902296 0.05428516789477821 0.9958307021874635 67.95396969337763 0.1646999994959076 0.9854662475613821 -0.04159549354607161 -1.4235042993629352 -0.9836155636419088 0.1609639570336446 -0.08118514332981427 17.228823224867583
-0.0715054831109353 0.051473539425876805 0.9961111587689624 69.55716619520518 0.16523870248378325 0.9854797244342501 -0.039062564310020476 -1.5654420676735816 -0.9836580386936045 0.16180292787206113 -0.07897262465868084 17.13861702459391
-0.07103508116223846 0.05350062631943616 0.9960380013973877 71.26121052599292 0.16760672053999678 0.9850028983992819 -0.040954576970654605 -1.6573965609238202 -0.9832914138108308 0.16403345124835325 -0.07893682535706835 17.02446626903762
-0.06474176802668824 0.05662311027192657 0.9962942973117492 72.98595668376899 0.16854362832082756 0.9846660145932938 -0.04500983289697528 -1.7033421960898747 -0.9835657318274312 0.16500503958393553 -0.07329248315260221 16.822851860542244
-0.060016054622649584 0.05579627076598571 0.9966367690167468 74.70102436060995 0.16659938700388272 0.9849921594177581 -0.04511197330505655 -1.7748244939123556 -0.9841964831462581 0.1633316321297085 -0.06841096774921236 16.625116669836956
-0.05942585218074143 0.0492469181268824 0.9970172060439063 76.40644973029127 0.15764686762339358 0.9867115624278882 -0.03934155182058358 -1.8704847229868948 -0.9857058553245618 0.15483873425639844 -0.06639979783667556 16.546583381798147
-0.04701698872745769 0.057046255369518135 0.9972638204203129 77.88577489645127 0.1709160088087387 0.9841041896240905 -0.04823548379778997 -1.883427186085879 -0.9841631575627562 0.16818046471761042 -0.05601973387544061 16.28113318287576
-0.0452318706343932 0.05715797550229011 0.997339984015177 79.73906344952232 0.17580438374332444 0.9832357470493854 -0.04837648582597416 -2.0050554453052336 -0.9833854262371111 0.1731485823237382 -0.05452221477284364 16.13202212820955
-0.044944401861934484 0.05632531028323274 0.997400350993908 81.52826210762525 0.17541700845815894 0.9833415273615411 -0.04762681712927848 -2.1331930058040713 -0.9834677797898944 0.17282042699800593 -0.054076114203626534 16.0896946836638
-0.041531445602893104 0.06022257777004547 0.9973206004855536 83.23828628731053 0.18003319456610936 0.9822947271362694 -0.05181812322544203 -2.2593507693838637 -0.9827833880771776 0.17739873214602325 -0.0516381830870147 16.002392897333895
-0.041965270713854336 0.06151725363159781 0.9972234170733955 85.1006444492534 0.1800301893469426 0.982231335374128 -0.05301636287850158 -2.3777853776650977 -0.9827655096601721 0.17730547457646828 -0.052294566712005136 15.925021454157909
-0.042682239750390844 0.06224405587077076 0.9971478846784196 86.94994807584347 0.1797748512605928 0.9822454076935622 -0.053618671366818804 -2.506010044939349 -0.9827813740929988 0.1769735476665017 -0.053114349870919626 15.81746346648562
-0.04009319411877734 0.0626498845293061 0.997229927225321 88.81709407591354 0.17918730198266888 0.9823038157849724 -0.05450802053329523 -2.5974745424807506 -0.9829976839207337 0.1765055394676068 -0.050609761348213475 15.672871209045356
-0.036174301069822584 0.065614825724445 0.9971891067331515 90.65474342129176 0.17888735092393446 0.9821504622203794 -0.058135920391057284 -2.6652009745294976 -0.9832043203838803 0.17628149138650073 -0.04726626887140579 15.55738374267906
-0.03534445118638187 0.06493059216032747 0.9972636501808552 92.5874149703397 0.17431258856592668 0.9829911349477883 -0.05782343885923696 -2.7827400033904883 -0.9840558374593285 0.17179187063354065 -0.04606150178239215 15.464559354367282
-0.03632476184162387 0.06901070546066933 0.9969543792014611 94.43047430065445 0.1694926978773522 0.9835849829788508 -0.061909665035063295 -2.8300273116230747 -0.9848617857564619 0.16672763355340312 -0.047425300908651394 15.445674976328492
-0.036928867875238976 0.06521182588718072 0.9971878842434427 96.29993080871203 0.16327475483966963 0.9848530981597076 -0.058358628130502146 -3.029094985315191 -0.9858892499411381 0.16066048926132548 -0.04701695482283503 15.335738589000456
-0.03958920159200669 0.06772018936514006 0.9969185879848252 98.31726144821073 0.16393244086850978 0.9846222764028729 -0.060374892481231374 -3.1160563166776947 -0.9856768486416838 0.16103710368600546 -0.05008194573119774 15.245300528091523
-0.0421502889959081 0.06688517451344014 0.9968699647235183 100.3712684948894 0.1621632645797816 0.9849846495671422 -0.059231036947910015 -3.2687043630570414 -0.9858632911100755 0.15915908251621583 -0.05236370588687495 15.069852502012228
-0.045208538392116235 0.06464762608648907 0.9968835802127702 102.33940378528179 0.1602733028144554 0.9854464245128705 -0.056637556618804395 -3.4336365822020247 -0.986036843359007 0.15721332276936292 -0.05491188106795807 14.92960447739516
-0.04978193688494499 0.06708835952237356 0.9965043455884076 104.28639740957091 0.1601016879197946 0.9853749450569573 -0.05834095627630781 -3.5727295263730037 -0.9858444138327389 0.15663770194495993 -0.05979483292213235 14.860935105946808
-0.056763652503156854 0.07140663147015518 0.99583079925085 106.41073691956241 0.1603289435197328 0.9851457738592394 -0.06150149686901546 -3.694505757391172 -0.9854301180826307 0.15616945037160312 -0.06736902215621103 14.776694530414192
-0.06004261863726585 0.08662111893716935 0.9944303221952021 108.39900789963731 0.157456165016731 0.9845773732540057 -0.0762558337077838 -3.5215408293254074 -0.9856989601523398 0.15200058496702548 -0.07275563293847478 14.668683502425857
-0.06370632753678528 0.08823665111253057 0.9940602583506808 110.3793268002148 0.15807394072809564 0.9844009632814117 -0.07724877185640086 -3.6991005027083292 -0.9853700488113418 0.15221378679698266 -0.0766604853523391 14.529676224552027
-0.06995242786696172 0.08531562620326252 0.9938953173051294 112.42136970413065 0.15674360344618232 0.984899741656308 -0.07351150701792902 -3.9561624016558308 -0.9851589215016141 0.1506444250906294 -0.08226880681576776 14.413013886536728
-0.07525596010830901 0.0825710317736427 0.9937396868295106 114.45540725210584 0.1588081736075071 0.98483868829231 -0.06980488548900844 -4.198347521741594 -0.9844371510988522 0.1525607510289647 -0.08722793578810382 14.258160046087164
-0.08063128250427971 0.08569394726551526 0.9930534445254048 116.37561198611411 0.15774641189140906 0.9848383539187647 -0.07217677040410818 -4.292879280663054 -0.9841822320165614 0.1508309121255868 -0.0929266922378191 14.156433851432691
-0.08602287216223774 0.08267715560090791 0.9928567637915874 118.44033314803323 0.15871018034735548 0.9849621547595359 -0.06826882411149253 -4.515985314109767 -0.9835706096254957 0.1517037957112452 -0.09785097979954693 13.94943054688664
-0.08596190207894999 0.08360990011717098 0.9927839321792871 120.4138972575027 0.1572487473219486 0.9851210897215342 -0.06934890086756158 -4.664669384627968 -0.9838106438012586 0.150152666270891 -0.09783043470768814 13.707556686250427
-0.03254859793579538 0.06389525119139064 0.9974256792601665 122.09971386719336 0.15967463388559125 0.9854691440208676 -0.057918714387362645 -4.979935681845172 -0.9866329611694087 0.15737840721640164 -0.04227808978787972 12.738818044837194
-0.04112232409648609 0.0702534173243428 0.9966811986864992 124.15770530196356 0.16088475661412183 0.984973849582231 -0.06279021204279751 -5.071263553557241 -0.986116144046997 0.15776873262283747 -0.051807117816620125 12.711125595748468
-0.04892581185489346 0.07255668498330374 0.9961635369750164 126.25454285500959 0.16124862371232143 0.9848486123174964 -0.06381294670510437 -5.2057211982860565 -0.985700332903069 0.15750789910521923 -0.059884183506483744 12.644470607065971
-0.06545652612146657 0.07259837345114444 0.9952109923832029 128.3508117342181 0.16086649640708772 0.9850720464867783 -0.061278328665715746 -5.377662443216027 -0.9848032359419914 0.15608503900951937 -0.07615804012432605 12.640443954206528
-0.06818002740269989 0.07328079741131947 0.9949780945297889 130.42287895421538 0.161237363145796 0.9849977771457119 -0.061497087279004096 -5.532464464025062 -0.9845577670147937 0.1562347712539429 -0.07897277798121433 12.458803518145235
-0.07087733720091954 0.07187691839466671 0.9948920100560636 132.53245682070676 0.16377085230888788 0.984704013506693 -0.05947363884810787 -5.700351448416153 -0.9839489371940633 0.1587189792869811 -0.0815645425952424 12.286710413944633
-0.07428649889582328 0.07120410418223629 0.9946916565596634 134.62523039735433 0.16496323622721995 0.9845834034219656 -0.058160574270428374 -5.846550348819123 -0.9834981681605932 0.15976700927797577 -0.08488731336971231 12.11786785841644
-0.0798656978229462 0.07206162556169464 0.9941974614897492 136.80738521260736 0.16656444126683304 0.984325287269222 -0.057965642822587087 -6.015141164361736 -0.9827908003317494 0.1609684781681621 -0.09061673035099051 12.002081423797929
-0.07607914736632154 0.06781935162851019 0.9947926914089705 138.9157301344555 0.16783903224792407 0.9843195036144924 -0.05426945787645194 -6.2713506541725055 -0.9828743676534112 0.1628362685301163 -0.08626892291604099 11.608553180467446
-0.06768910354923058 0.06196798275314795 0.9957801737201883 140.8390723877552 0.16436442494023396 0.9851249215963767 -0.050132072207353405 -6.468362311215861 -0.9840744489492486 0.1602774405936238 -0.07686755467679104 11.245034296632284
-0.07237271733006105 0.07559526556776043 0.9945086955929567 143.11393803814502 0.16625782603928876 0.9840866489335528 -0.06270408815559601 -6.438196379488603 -0.9834228617776548 0.16080678845892946 -0.0837893293837123 11.104277662661437
-0.07038216611113651 0.08350922793667973 0.9940183899420199 145.23778520994523 0.16618837632103622 0.9835445943478293 -0.0708622219870837 -6.505651242474846 -0.9835790635578219 0.1602068655788156 -0.0831022620157181 10.843845435231643
-0.07311343059056255 0.08476905328089741 0.9937145635810823 147.379627735027 0.16422478257668383 0.9838034100179629 -0.07184059593763387 -6.663476979607723 -0.9837096355403457 0.15794004572271653 -0.08585042167739244 10.670309146083996
-0.07802615741789012 0.08659916959018686 0.9931830156546628 149.55097514542365 0.16284661676892132 0.9839471166426665 -0.07300034970809524 -6.846647916374281 -0.9835613342163847 0.15604055715383147 -0.09087599439679843 10.500615831971068
-0.0842777975770915 0.08973936264218803 0.9923931174832533 151.80884394933446 0.16315331527229265 0.9837381853558058 -0.07510112108704818 -7.010880200160079 -0.9829945312926288 0.15558287009001154 -0.09754856217976604 10.34963524044887
-0.08851832744547379 0.09289937802368078 0.9917329334397798 154.00142687975728 0.16277914195288598 0.9836055072398867 -0.07760900123344285 -7.16387310545204 -0.9826838029861582 0.15456361696784776 -0.1021891954096818 10.141508448419362
-0.09074764369027213 0.09473012726564536 0.991358193668111 156.12076007876146 0.1600548991390546 0.9839122139502962 -0.0793674020049733 -7.307030805582451 -0.9829279192424288 0.1514693309804549 -0.10444973597899956 9.93520954156952
-0.0911643096514996 0.09903580589434403 0.9908990754847967 158.3263089961575 0.16124017363285092 0.9833807498495158 -0.0834500283538443 -7.466625326434678 -0.9826956166853568 0.15216507475852378 -0.10561777772287709 9.670719256677996
-0.09122907376763707 0.10304416925369037 0.9904843034002698 160.5069490885845 0.16361404295679136 0.9826664689454032 -0.08716109084741554 -7.645020943264319 -0.9822971551658045 0.15410551577797266 -0.1065072249191224 9.414090919037205
-0.09114312151141911 0.10561746024575507 0.9902211285831024 162.68925469374648 0.16345315754592935 0.982460638133864 -0.08974497092245269 -7.830574074908853 -0.9823319177800447 0.15367513334577787 -0.10680803669077005 9.140619361091101
-0.09708587232098648 0.1109628086869438 0.9890710735250424 164.95968131202946 0.16655401753195825 0.981563348463891 -0.09377180917697865 -8.040376231163666 -0.981241098119946 0.15562984302717855 -0.11377723550736442 8.952771505078353
-0.09921932341080067 0.1143761120291403 0.9884703490034502 167.28283334875078 0.168121258354478 0.9810179772061711 -0.09663835101875833 -8.253550025892887 -0.9807603011700718 0.15659448711693338 -0.11656499583225893 8.675814140725143
-0.101447131487156 0.11680710092437183 0.9879598072222744 169.5600747859577 0.16726542778292522 0.9809486673625404 -0.09880277662220045 -8.474997442972057 -0.9806787222029563 0.15522826151608152 -0.11905221814427502 8.389927590169492
-0.10282502733117499 0.11977459929851682 0.9874619279330343 171.83565714376658 0.1679912324981418 0.9805549977428647 -0.10144378840151479 -8.708319093573348 -0.9804111176226527 0.15545398600349794 -0.12094667700075777 8.104611619620227
-0.09899624639414985 0.12004130732161342 0.9878207467634951 173.93597628524427 0.16884814488255773 0.9803282840462905 -0.10220939031507811 -8.949135560105296 -0.9806579664539457 0.15667335458009163 -0.1173175724051307 7.712287479704871
-0.09604944200583104 0.12315104223665584 0.9877288724576174 176.03340007500202 0.17504690835445422 0.9789415540466008 -0.10503339295852256 -9.151040328727593 -0.9798638091928471 0.16281048663049164 -0.1155839992266511 7.354721788644565
-0.09485965692388289 0.12372246799052568 0.9877724416092093 178.17157351102398 0.17578106560315288 0.9787371715502767 -0.10570981979546622 -9.395855628330384 -0.9798482854318334 0.16360409512021146 -0.11459073957433592 7.0542715557443385
-0.09867548909605353 0.12675025756177685 0.9870144477461716 180.50070421852317 0.17962187826281464 0.9778319359780923 -0.10761359500862597 -9.645323128417086 -0.9787742991624747 0.16667056485584125 -0.11925516386991963 6.817780536392065
-0.09099010086993985 0.12384968183688837 0.9881204672774377 182.47220054535424 0.18699943904832556 0.9767108976996141 -0.10519996250204494 -9.871873617324713 -0.9781370105150353 0.17520581789347517 -0.1120308441322677 6.35355763847089
-0.09579391171523208 0.12721435958846958 0.9872385898012658 184.94552430368927 0.1856705141968342 0.976676795492202 -0.10783736506875898 -10.125739013467015 -0.977931483610267 0.17297093357435853 -0.11717964627970645 6.124787916815192
-0.09494642300318273 0.1314645519552762 0.9867635219940497 187.2266683329282 0.18614802137628386 0.9761019984973106 -0.1121329686901091 -10.368837824408189 -0.977923356350893 0.17303745290763173 -0.11714925947117061 5.819114737562927
-0.09962653593931702 0.13256174339328838 0.9861551285296174 189.61935814448773 0.1842131928650113 0.9764104446902153 -0.11264165781068841 -10.68550640834729 -0.9778241421192312 0.17044068671650558 -0.12169601226168279 5.59169635480981
-0.09988779652628005 0.13443812385927137 0.9858746466758976 191.919581655919 0.18227810197429467 0.9765344183636538 -0.11469622178526613 -10.97317802777018 -0.9781600695416746 0.1682466065166412 -0.12204899733246954 5.269839545069509
-0.09275159603177274 0.13427217168138428 0.9865942050030124 194.0803115726833 0.17952846615140314 0.9768811178142188 -0.11607244074013706 -11.260548137541338 -0.9793705485029065 0.16635584020410263 -0.11471295983934639 4.838121677200572
-0.09386595175605472 0.13997252114426612 0.9856961379783582 196.3840956229643 0.18177253023255102 0.9758351216595951 -0.12126237086774004 -11.447945809804452 -0.978850310493789 0.16779007318708367 -0.11704085178298441 4.556845213528724
-0.09731562049481716 0.13868515760062763 0.9855435541207707 198.75898627309292 0.18092399457835467 0.9762093357912033 -0.1195066562996168 -11.77315678902432 -0.9786706178247724 0.16667861223142044 -0.12009188994718702 4.267587399551188
-0.10009417131695877 0.1381186923768712 0.9853448044641415 201.07674899162205 0.18079020743986812 0.9763575858469125 -0.11849373592322916 -12.085230823160455 -0.9784150743739704 0.16628015929538206 -0.12269821051050958 3.989909431767421
-0.10262729832032791 0.14258600571828234 0.9844474940862917 203.56871747213526 0.17981509802480705 0.9760279744025476 -0.12262105735147853 -12.340005341151794 -0.9783323403434032 0.16443425481623783 -0.12580623069319286 3.6607502755098773
-0.10074025196501986 0.14700624334771603 0.9839921575148958 205.87674639935142 0.1822807029525957 0.9750097923245519 -0.12700255982596298 -12.62923997494702 -0.9780721583631408 0.16656851229458636 -0.12501913352297775 3.320004980125518
-0.09978019839855412 0.14688530087973836 0.9841080328871505 208.23818001487308 0.18300909308098484 0.9748798743552337 -0.12695236282482067 -12.990570374915364 -0.9780345514639149 0.16743338664256352 -0.12415505297884992 2.969250991368689
0.015595967165297814 0.16042315129109813 0.9869251128317769 209.47597762844765 0.17001218891836084 0.9722467302789889 -0.16072383482548033 -12.988535460273427 -0.9853185380512065 0.17029594238164952 -0.012110763022180856 1.9634297484307943
0.014387046511666775 0.1596575371538953 0.9870676186171984 211.82819968511657 0.16895719850147564 0.9725864988865797 -0.15977786848648126 -13.422734291865705 -0.985518380329461 0.1690709111985347 -0.012982643001066212 1.9607686637990305
0.010016447084231913 0.15313988630928058 0.9881537562591121 214.23950017220943 0.16736208359232246 0.9740070605390461 -0.15264396154361598 -13.967998131426903 -0.9858446144111377 0.16690842172063405 -0.015873720272254116 1.9945725408207282
0.014808152486232901 0.15200275440604435 0.9882691340282382 216.42618888608663 0.16658583994364703 0.9741887664433153 -0.1523332047385808 -14.337455098408538 -0.9859157553007325 0.16688741710696012 -0.010895570712610245 1.8888806914301837
0.017558059589852404 0.15347194381345552 0.9879970025286324 218.7111881989771 0.16866340496539797 0.9735337834202082 -0.15422265840342098 -14.724665517566644 -0.9855173110447719 0.16934678916843862 -0.008791736428208342 1.8414867182036192
0.016453547459200694 0.16190473971409938 0.9866692130770682 221.18489898276962 0.17228291591012004 0.971584540476173 -0.16230242633187966 -15.073382167499139 -0.9849100860796963 0.17265669974205572 -0.011907408310262812 1.8122569427849078
0.015026751723999171 0.15988759866954297 0.9870208470565939 223.5843231262076 0.17044735319977225 0.9722744879018365 -0.1600937848962879 -15.535134780345212 -0.9852521994493684 0.17064078049198533 -0.012642290665410817 1.7879308503374176
0.013824404588719903 0.16178948261659934 0.9867284576581461 226.0111546933949 0.16999216807683126 0.9720769124940649 -0.16176878249078058 -15.949404331324653 -0.985348440213058 0.16997246691939308 -0.014064560392351997 1.7430195585565136
0.016374605224059466 0.16816066585313405 0.9856235908112134 228.3273539457996 0.17490351075608018 0.9700750550305102 -0.16841362632742987 -16.303771054620082 -0.9844494066375146 0.17514673296235916 -0.01352729476495995 1.6588617455130272
0.015087121849242484 0.16981782498320164 0.9853599774053561 230.74195098765082 0.17465175944537858 0.9698746515071972 -0.16982321185995486 -16.727399396826442 -0.9845146731648748 0.17465699723106454 -0.015026364872721912 1.6066063866077405
-0.009933708697666051 0.17960409479079573 0.9836888179530617 233.72309379950912 0.18506697303794356 0.9670727143131893 -0.1747014044634396 -17.185450860375184 -0.9826757028247334 0.18031287908883264 -0.042845404801599846 2.0292191033569966
-0.005547540032531744 0.17714657864593797 0.9841688444944947 235.87600580406746 0.18442142056540206 0.9674832558869578 -0.1731036949779377 -17.648252648219472 -0.9828316053303471 0.1805415167002154 -0.03803677577502061 1.9311529720809877
0.011049731791723659 0.17203935281848798 0.9850281034108265 237.8211763640407 0.18765319145554427 0.9672295674003659 -0.1710357964960966 -18.102609561118562 -0.9821731940772364 0.18673356695650875 -0.021596106311535725 1.4539633289085276
0.0005070801453277027 0.17290822689229657 0.9849378091751231 240.445076135903 0.18590051982246095 0.9677527562079414 -0.16998705710046286 -18.56854174986543 -0.982568440160514 0.1831866477800692 -0.031653001052597725 1.5359879437093205
0.01649586006435361 0.17164775076241864 0.9850202720040551 242.42431222046167 0.1807873963259718 0.9684046516393884 -0.17177994065919117 -18.968226215231535 -0.9833838538080713 0.18091290816689026 -0.015057082326433584 1.1067500304802316
0.013415941679131422 0.17531514668344433 0.9844209525666483 244.86453925998455 0.18760732859021506 0.9665842016287236 -0.17469536748583245 -19.401772153373997 -0.9821524844789151 0.18702828798106771 -0.019922769053660985 1.0754591523363066
0.007421988531637965 0.17791881928206948 0.9840171786262235 247.26847164777402 0.1887617044378485 0.9661037822904067 -0.17610366487354226 -19.829835463232676 -0.981994874235072 0.18705179921467932 -0.026413848386720555 1.0937744781284575
-0.001446208011431396 0.17274178830706205 0.9849660821849999 249.69885345994615 0.1850957878107055 0.9679935619983985 -0.16949340183143097 -20.359396082468475 -0.9827194196804712 0.18206795023324301 -0.03337369743890089 1.1091423170496846
-0.006270415075170166 0.1719119651786616 0.9850923601993865 252.1145420957431 0.1820899911084468 0.9688381407355942 -0.16791632497802814 -20.818271239465876 -0.9832618761209604 0.1783225540541955 -0.037378465493885425 1.0510390923483628
-0.003581379217097884 0.16560827684382765 0.9861851105972568 254.36075218360304 0.1741294560390381 0.9712282450221073 -0.16246423794432527 -21.26847671736435 -0.9847162567270086 0.1711420308168033 -0.03231561581415776 0.9413084839596066
0.016817939543525545 0.1707273131358964 0.9851747771126249 256.9151110153809 0.1737730137130191 0.9698199327776432 -0.17103285559291392 -21.380933710770318 -0.9846421160069302 0.17407321027823067 -0.013357426729189688 0.08799262860282264
0.025210112649318647 0.20375442296128213 0.978697392120734 259.57415909971337 0.17095070807760002 0.9637092215723388 -0.2050375372077221 -20.973750446906223 -0.9849570069947091 0.17247803158708547 -0.010536744842147233 -0.2985317105948614
0.024518794435473296 0.20648125723153793 0.9781433019407315 262.0806389127248 0.17293400491967978 0.9628107681800545 -0.20757951396748653 -21.460007203685045 -0.9846281829512453 0.17424383802195445 -0.012100671448632628 -0.3709207764673981
0.023121977427672278 0.17583058749868863 0.984148860010366 263.65372439691345 0.12953242802264528 0.9755871956861318 -0.17734422376787976 -21.902052394125583 -0.9913055655298181 0.13157974051175014 -0.00021825780197153296 0.07114763199995683
-0.1482150909459548 0.2319405632779606 0.9613718645363964 259.6289597143681 -0.12313815667536698 0.9602154273080094 -0.25064582089134113 -22.04288390045046 -0.981259028588515 -0.15553105241720497 -0.11375768346586981 0.61853572424783
-0.14302374616538854 0.27702489088041565 0.9501586277382926 263.9030524059614 -0.09422884944217531 0.95185602059571 -0.2917036852501315 -22.63015651410336 -0.9852233919094813 -0.13125290811405757 -0.1100342771411707 -0.6022470207824315
-0.14284854233534383 0.28189235024509074 0.9487523369278041 266.24531225673746 -0.08620009316996802 0.9513971636621675 -0.2956568634635025 -23.388156623810076 -0.9859836904787813 -0.12401669181560161 -0.11160655115609187 -0.8598555083967141
-0.13342644865676812 0.3073425433718469 0.9421984630811974 268.58612837586696 -0.062171684248032884 0.9462306823633525 -0.3174620881805443 -23.95328673215957 -0.9891067002485661 -0.10093590435475679 -0.10714419599530947 -1.1576473381272074
-0.11130621900553352 0.31244807737680663 0.9433912892083709 270.87282802812075 -0.05618371098461974 0.9457933152784395 -0.3198724673907078 -24.871054254117396 -0.992196712467185 -0.08860701844752039 -0.08771818540731183 -1.9299390055146994
-0.050543021234954556 0.30956134206847535 0.9495352434223862 272.4760494142668 -0.07008011701133272 0.9473075773804895 -0.3125654028154587 -25.661796991611176 -0.9962600966635778 -0.08234154075723797 -0.026185691925230542 -3.1235384140484257
0.00896205764072469 0.3282743579541001 0.9445399025095077 273.9825407223002 -0.08095474567613388 0.9417154623831535 -0.3265246040668297 -26.010465424356013 -0.996677485787332 -0.07353865526585474 0.035015075415210574 -3.8077955451747596
0.001476253352057513 0.32837814749641614 0.9445451883964394 276.18527108363446 -0.08032980073818624 0.9415327000067183 -0.32720528408237315 -26.76525424516249 -0.9967672465472589 -0.07539208887466001 0.02776849195961928 -3.491209180200485
