1.0 0.0 0.0 0.0 0.0 1.0 0.0 0.0 0.0 0.0 1.0 0.0
0.9999657573633115 -0.0012504502875519063 0.008180493560721392 -0.025010542781667006 0.0012564040822894988 0.999998949572399 -0.0007227052515458067 0.0013300951696422908 -0.008179581260715559 0.0007329585097172691 0.999966278042526 0.07833137539117828
0.9999750880733962 -0.0029975583633411336 0.006390451976314319 -0.027727654113827955 0.003002978798946555 0.9999951392697509 -0.0008387819766849512 -0.0019453705580174776 -0.006387906616121866 0.0008579514728104801 0.9999792290684513 0.17534408350261824
0.9999931414953249 -0.001894110793907872 0.0031826571619944727 -0.02439164609611049 0.0019063323487807438 0.9999908046833536 -0.0038414119428479107 -0.001109862884200176 -0.003175351836629306 0.0038474527988091476 0.9999875570464237 0.26042230363809055
0.9999892413899447 -0.0016437462571880195 0.004337649433076711 -0.024883645329898202 0.0016603601445343964 0.9999912896352725 -0.0038293416894885127 -0.003101726127827933 -0.004331317184498507 0.0038365025513341796 0.9999832603297023 0.3172437814146867
0.9999700371787702 -0.001487341022921466 0.007596878396440015 -0.038104866687746125 0.0015232195408387585 0.9999877044153919 -0.004719196993690339 -0.003174137666758959 -0.007589765933094981 0.004730627306857332 0.9999600075094828 0.41161311046147275
0.9998755651051731 -0.001305933482929754 0.01572096827007076 -0.055649038198176695 0.0014061533005513983 0.9999787510340702 -0.0063655489344251175 -0.0008233912185160578 -0.015712321232260924 0.006386862929433801 0.9998561551260338 0.4945011502121781
0.9997613713746565 -0.0008197253230577146 0.021829529483260928 -0.07141775366805803 0.0009752044842066363 0.9999742286836582 -0.007112731172841533 -0.00164484675365401 -0.021823136421692556 0.007132322126619545 0.9997364056078997 0.5606603765824564
0.9994536612467465 -0.0006798700148422254 0.03304416434465232 -0.09864416582990844 0.0009141610105034537 0.999974549437547 -0.007075647448975387 -0.010013786502844617 -0.03303851283154783 0.007101989435238229 0.999428846099582 0.6337072767169172
0.999397200829225 0.002983693176376956 0.03458804055939672 -0.1096863250006504 -0.0026307711591549376 0.9999440619531075 -0.0102446087201137 -0.0141210946221797 -0.03461667254109489 0.010147440058916971 0.9993491459156975 0.7222588518224393
0.9991245275180395 0.0059952191121309985 0.041403331504261766 -0.13178704358551643 -0.005494101975793573 0.9999104040403114 -0.01220650381644807 -0.017240538780924415 -0.04147280259801406 0.011968343232833856 0.9990679483423177 0.8073397667765512
0.9985162489480588 0.009927517902186909 0.05354199263195186 -0.1619402474825375 -0.009191945851029787 0.9998602052843568 -0.013967033335523385 -0.019634476979240624 -0.053673165717795825 0.013454154638090222 0.9984679148599646 0.8858118417674783
0.9980140929683198 0.010611503077504364 0.062090790291780315 -0.18656025135751758 -0.009791341940235457 0.9998609508758686 -0.013498464231658278 -0.025402348302296776 -0.062225395616509506 0.012863705377537518 0.997979220837954 0.9792031661803563
0.9972421562577493 0.008018978754765387 0.07378196095337304 -0.21107895983851682 -0.0071504203330262795 0.9999020874546782 -0.012028590642218584 -0.029418942769716388 -0.07387119378658707 0.011467845634976354 0.9972018528086666 1.0645812148456992
0.9965164956557709 0.004101481056319447 0.08329496826991288 -0.236716099762216 -0.0030624796576880185 0.9999159560800192 -0.012597698001122284 -0.031872809899038235 -0.08333963705396971 0.012298724719493791 0.9964453052054525 1.1548567127216103
0.9951041825522247 0.0054509449079971056 0.0986810674176048 -0.2710543328623387 -0.003463521356424431 0.9997879347924296 -0.020299986780842712 -0.031248824805649833 -0.09877079470613515 0.019858817766895905 0.9949120350412995 1.2469942176569417
0.995697956346124 0.003826826304681906 0.09257934504296879 -0.25660338678026645 -0.0016462880206997012 0.9997196983126464 -0.023618097752029388 -0.034763565789584866 -0.09264377725408328 0.02336407939777027 0.9954251605871687 1.3515621832862532
0.9953921358274466 0.006692653766838602 0.09565408678373612 -0.2643306944984839 -0.004297463095748105 0.9996725812004768 -0.025224238480425706 -0.04350402684832944 -0.09579158493215365 0.024696938707741308 0.9950949871618548 1.4547988541216907
0.9954660623420069 0.011602489854421071 0.09440710224594885 -0.26165754176740774 -0.008918632266904598 0.9995453767365898 -0.028801004201191346 -0.042771670505489905 -0.09469834594007823 0.02782844001533995 0.995116978652523 1.570727993519552
0.995830417202089 0.01379002063791742 0.09017547064428802 -0.24916935147808908 -0.01131089545219282 0.9995454468331659 -0.027945721661048934 -0.04686654826803289 -0.09051985317698331 0.026809234339926057 0.9955337368140392 1.689757950204614
0.9963258348455959 0.013577742712817241 0.08456048558310458 -0.23355154160249897 -0.01104210140040329 0.9994773668354937 -0.030381987760050785 -0.048271305223525456 -0.08492881028184208 0.029336633863025364 0.9959550487334746 1.8146790344089843
0.9966203404272852 0.011343886033254981 0.08135854777628475 -0.22826559894078893 -0.008501436940722449 0.9993441621517407 -0.03519902190656941 -0.05164848261743737 -0.08170448345436385 0.034388396631723904 0.9960631584194624 1.9386817673396646
0.9969169240016493 0.009968609413286028 0.0778284874930403 -0.21997798934876991 -0.006844143161346404 0.9991637992229211 -0.04030955255030986 -0.05559330105483676 -0.07816523743631815 0.0396526058259044 0.9961515278850599 2.080866203502043
0.9969809349549101 0.009341383210224725 0.07708277301805153 -0.21456478952531022 -0.005845237961906536 0.9989491805062707 -0.04545732019180121 -0.05927342479766143 -0.07742640718515496 0.04486951443431262 0.9959878905613397 2.2134329426467474
0.9971169517352735 0.012022975997265511 0.07492150966394867 -0.20162650494413528 -0.008508800651408242 0.9988563579848664 -0.04704866017948056 -0.06614388535659498 -0.07540149118970114 0.04627552443115938 0.9960789080012639 2.333202252493091
0.9975498628922326 0.012408750834997932 0.0688497926387759 -0.18590065753676582 -0.008918011100711241 0.9986701231229586 -0.050778482249699955 -0.07433319654897286 -0.0693883284255724 0.05004006479102965 0.9963339057735686 2.4670677864752726
0.9978030162053905 0.01343645945018195 0.06487374206000993 -0.17386743958849527 -0.010038910905354439 0.9985748495537383 -0.05241650605070734 -0.08178435024711868 -0.06548557947563301 0.051650086119706576 0.9965158842108676 2.6142707858055263
0.9979938777893553 0.017585603166470096 0.06081912903221061 -0.1629096032743737 -0.014360416365841296 0.9984877681828113 -0.05306557482124386 -0.09093216822120956 -0.061660346550801416 0.05208573077706399 0.9967372162775172 2.720800463638269
0.9984290116281995 0.01945728089797953 0.052544485526014054 -0.1334253790405519 -0.016636917755875287 0.9984244371469405 -0.05358970307251126 -0.09892624271098877 -0.05350440829240731 0.052631335987915084 0.9971796331481135 2.8562778857666764
0.9984874155795221 0.024011425571664823 0.04946041216309152 -0.1218555609096951 -0.02127926279471088 0.9982571541833154 -0.05504404687832102 -0.1110528418069115 -0.05069589632544359 0.05390830700221969 0.9972581513990818 2.9950787993069605
0.9984924084025234 0.031076176852375553 0.045245790906648355 -0.0994144669980841 -0.028501619168532204 0.9979970762001521 -0.05647560181813412 -0.12216231968314917 -0.04691021282514316 0.05510088137397037 0.9973782255516266 3.0934451882453358
0.9985497496482159 0.03285252274634794 0.04265101671338889 -0.09310245719034571 -0.030313710318374806 0.9978055468755435 -0.05886569112081945 -0.12674687925608008 -0.044491307513027156 0.05748741056612966 0.9973543608879355 3.218241795832069
0.9986043642595032 0.03451436297667855 0.039976023191247184 -0.0853855405791909 -0.03206116587483835 0.9976554766447724 -0.060461819054995224 -0.13702325743009652 -0.04196909964032052 0.05909575846883568 0.9973696837213238 3.3633776267117437
0.9988791461722567 0.029166594863357438 0.037279499544113325 -0.06722308613757418 -0.02682415962198534 0.9977242855779067 -0.06186044316548903 -0.13702316283793586 -0.0389989205332279 0.06079111540458208 0.9973883518896284 3.473374274328637
0.998854294664391 0.030275879517405523 0.037060344708987995 -0.06049033081603257 -0.027904418406171812 0.997628732762263 -0.06291466443187094 -0.15104249096287092 -0.038877261527977665 0.06180843540010674 0.9973305750098487 3.6006818358633037
0.9986991754305076 0.03150039390058081 0.040095912242168366 -0.07594315263696184 -0.02890831751367035 0.9975527269459213 -0.0636621248568239 -0.1630670828140817 -0.0420031686060973 0.062420206238567234 0.9971657092380293 3.7525424832685044
0.9984322602594007 0.035036631764104174 0.043651530419106535 -0.10137564091261854 -0.03223955601124614 0.9974792501534335 -0.06321199681660669 -0.1803013333644072 -0.04575623128603733 0.061705590897191284 0.9970450277447487 3.9034442561949767
0.9980729575906906 0.03914093966877214 0.04814933195815362 -0.13777743926304267 -0.03595074738598479 0.9972095543147204 -0.06542666540353824 -0.19497134626604018 -0.050575835025830705 0.06356958097457444 0.9966950352470693 4.058628862736758
0.9978232248475876 0.03886612698026934 0.053275098576290356 -0.1748892808046839 -0.03526427080105642 0.9971324500319036 -0.06695751114134695 -0.20417721695406493 -0.055724708699369956 0.06493305219167984 0.9963325025178303 4.210731248053061
0.9978848018427 0.031848768813712076 0.05667078768117832 -0.20305479725503014 -0.02800181010518976 0.9973311321247897 -0.06742782456463173 -0.20515227942063952 -0.05866703403264363 0.06569831671920204 0.996113402328307 4.351342231481098
0.9978487268293019 0.028340031324123584 0.0591165035306408 -0.21734709709237227 -0.024367573640368304 0.9974642167766422 -0.06686821072110259 -0.21154482633116548 -0.06086164407918835 0.06528383318026175 0.9960089765686199 4.466207626971033
0.99787219567964 0.026410969370535182 0.05961159104068905 -0.22010125663626134 -0.02240005545428661 0.9975030155804021 -0.06697739487058126 -0.2205885828614799 -0.06123167975107816 0.06549957713537953 0.995972131532779 4.568184182617362
0.9978566681939216 0.025248783014228737 0.06037026335230133 -0.22261919433610716 -0.021133710949185723 0.9974712274036646 -0.06785658968253537 -0.2317188672873547 -0.061930896993682365 0.06643530280000305 0.995866916078363 4.668416449000269
0.9978334361010007 0.022181469020649824 0.061938810377307085 -0.22900490332306944 -0.017899414446378242 0.9974662721611143 -0.06885235554058765 -0.23885644688723479 -0.06330912068056899 0.06759451407545329 0.99570223305241 4.783174768917104
0.9976234720026537 0.017323296294911774 0.06668816622796571 -0.24758592624648107 -0.012693103346044336 0.9975193835788796 -0.06923846121816407 -0.24317380935231572 -0.06772217684641225 0.06822743429069623 0.9953686372260738 4.90984894065549
0.9972062844578987 0.012138440070452778 0.07370403320258687 -0.28156480314344967 -0.0068825751689604135 0.9974418824838597 -0.07114999104777249 -0.24735404049355897 -0.07437913952658783 0.07044394466318965 0.9947388573206404 5.077499787829087
0.9969553430560967 0.012924336520213608 0.07689606932355143 -0.28064293482234043 -0.007411382545008228 0.997409364229524 -0.07155160065315522 -0.26217465277329216 -0.0776216165811542 0.07076384438941495 0.9944683820849 5.195490921871439
0.9967249504563152 0.012363774764286148 0.07991564434723343 -0.2761403409884282 -0.0065754233065145 0.997361829162921 -0.07229208488577868 -0.2759227831551046 -0.08059861627965866 0.07152984553576563 0.9941767168121739 5.33535599031185
0.9964173841100794 0.008958143565531883 0.0840960659429751 -0.2814743215622997 -0.0028565661947532535 0.9973718337350743 -0.0723965834933557 -0.28652991625846447 -0.08452358648803836 0.07189698836387202 0.9938242230854528 5.501370149036423
0.9962160251742513 0.013223354812440608 0.0858997908816975 -0.27083812067500856 -0.006931794927900861 0.9972981475639514 -0.07313244891693944 -0.29833183171060523 -0.08663475864277916 0.07226027783655094 0.9936160580636221 5.589943455653281
0.9957802200433575 0.01815737311430277 0.08995589570445266 -0.2688184580179422 -0.011674409170378191 0.9973307370397049 -0.07207710542441136 -0.30893267037346395 -0.09102451066017865 0.07072277396586703 0.9933341973885966 5.683125672548273
0.995594807005331 0.020897286841283818 0.09140177058837802 -0.2591308664290722 -0.014467756553621487 0.9974104691328903 -0.07044884728945688 -0.32801688846391075 -0.0926372726515766 0.06881612795545235 0.9933190203801072 5.838146005835341
0.9949802255828772 0.016799323929601963 0.09865157583411784 -0.29792208848998547 -0.00995277370882796 0.997533159300709 -0.06948768517548755 -0.33552491292652625 -0.09957556424418233 0.06815701586084238 0.9926929677369519 6.00285548742555
0.9940560004963517 0.023396499685364745 0.10632625113145915 -0.325884286241085 -0.01588969339457449 0.9973562792930365 -0.07090817864377243 -0.35035945728930273 -0.10770415739897805 0.06879720893483585 0.9917997572704643 6.151458919826343
0.9935744080222624 0.021975010038725654 0.11102699967579391 -0.3299140460292053 -0.014139986224244278 0.9973853710592847 -0.07086947429261176 -0.3560101318792063 -0.11229406267826028 0.06884417572119583 0.9912873059595181 6.244213419732392
0.992548244041545 0.03019929706861972 0.11805077596783155 -0.3326618543601575 -0.021713797638439836 0.9971308004824424 -0.07251674097310272 -0.37147267387847055 -0.11990201934147239 0.06941303325604241 0.9903561665239592 6.354897399569706
0.9918458080360764 0.0382148690897466 0.12157926164324498 -0.3281900708014448 -0.02936790277298616 0.9968446266830896 -0.07374494246907949 -0.383887972424992 -0.12401378700765318 0.06957308411666786 0.9898384547988194 6.426738902601523
0.9906376578114746 0.03879373763263055 0.13088955972989888 -0.36279234229216095 -0.02908813929549758 0.9967391963069423 -0.07526522900859467 -0.3987238712918138 -0.13338257411716842 0.07075323643396886 0.988535820522451 6.586867701338968
0.9900656730594044 0.03577568988004362 0.13597817120051325 -0.3761434411125325 -0.025462930964687068 0.996718382858323 -0.0768381703255363 -0.4080119823312327 -0.13828088145552436 0.0726124320340222 0.9877276104969357 6.708403050001167
0.9897626220720954 0.03620795682474499 0.13805410465302576 -0.3724808828625013 -0.025705930998059647 0.9966911365977976 -0.07711020256044203 -0.41873218969122356 -0.1403893053636716 0.07277198698652396 0.9874183919947701 6.802261268712909
0.9896153651437544 0.038681471041344104 0.13843833598202582 -0.3554477693110284 -0.02822638987236637 0.99665428093427 -0.07670407557728476 -0.43486232576111983 -0.14094218668009884 0.07199991731571855 0.9873962284313023 6.892249960650325
0.9894760160948866 0.03986270550111586 0.1390977292522201 -0.3358109826403919 -0.029244192259024002 0.9965583189430426 -0.07756477399266744 -0.4471133823741931 -0.14171094097531745 0.07268068282251935 0.9872363078576178 6.987630590970994
0.9890761903297071 0.04054469999585219 0.14171950121673466 -0.32845686047089956 -0.029806971785986697 0.9965787767525119 -0.07708622548429662 -0.4626132467616725 -0.14436008505062312 0.07201992105461368 0.9869008546026611 7.110109283359594
0.989284904487753 0.039536448677440925 0.14054268738939846 -0.3113127606862578 -0.02893709890790611 0.9966359716397502 -0.0766771435336797 -0.47447077607374344 -0.14310143975324707 0.07178864297134017 0.9871009921385347 7.223035464037
0.9891007059690794 0.03868454142624681 0.1420679404584664 -0.30133183034996247 -0.027946222495194396 0.9966533613244277 -0.0768185264696496 -0.48704378217396666 -0.14456417986388778 0.07201099648914853 0.9868716300942691 7.354596465254568
0.9887812504438764 0.03853251364738935 0.14431522498564947 -0.2968401146884041 -0.02765170967503045 0.99667396517895 -0.0766576159720368 -0.501731990169388 -0.14678903815575856 0.07180705067388717 0.9865580194549249 7.46932015618705
0.9889869430493264 0.037971594161772 0.14304888854780687 -0.2807327840742204 -0.02713730845248463 0.9966661413513486 -0.07694263560450516 -0.5150579097620158 -0.14549361830645335 0.07221330016435093 0.9867202472390382 7.573706887165758
0.9883394737386351 0.03934164869899083 0.14709629270543778 -0.28127479480231976 -0.02802147076185416 0.9965396137725574 -0.07825340477183224 -0.5272270893458709 -0.14966590068008553 0.07321907442522653 0.9860218482944132 7.679310729901481
0.9882478761379065 0.03711155308592657 0.14828643881511228 -0.2663051879520175 -0.02562121476451682 0.9965721935970493 -0.07866013159889561 -0.5431817301004224 -0.1506973412602496 0.07393642929378949 0.985811196812237 7.825757130860439
0.9883790734593859 0.03893380213320071 0.14693864773782064 -0.24827171495711287 -0.027328604805762644 0.9964050006483092 -0.08018866529886322 -0.5585403165354735 -0.14953245302253645 0.07524117047531526 0.9858898578231577 7.963901918119507
0.988563616651658 0.03931785920110751 0.1455887419426254 -0.22708850358671595 -0.027581366298661383 0.9962692569761133 -0.08177307525929231 -0.5762273174651785 -0.1482607300187531 0.07682235060257346 0.9859599801118707 8.130072585373576
0.9883078987490648 0.04129136439366336 0.1467737050589074 -0.2113307580680427 -0.028964510659546354 0.9959468396337274 -0.08515250874662064 -0.5874210503002463 -0.14969487096244313 0.07990566844786423 0.9854981125083073 8.292483523649594
0.98825113091501 0.04088227231430085 0.14726962366905313 -0.19266120110409507 -0.028571727019037742 0.9959917858995981 -0.0847585915154225 -0.6038323869519884 -0.1501444593062122 0.0795550264342111 0.9854580859218195 8.42820733933056
0.9884005955099832 0.040813403518564495 0.14628236014210036 -0.1735467977326631 -0.0285633614182122 0.9959811673970969 -0.08488609176307084 -0.6102910803489972 -0.1491589661401719 0.07972314772728643 0.9855941469674256 8.513917205611857
0.9882765852647634 0.03960565882219014 0.147447559514157 -0.16564685907344115 -0.02738459595898152 0.99608848568751 -0.08401078850318175 -0.6167531843991353 -0.150198118901616 0.07898810334489167 0.9854955122213352 8.604613153127698
0.9876331049272473 0.044871234839619155 0.15022457300899306 -0.1655349554577942 -0.032154586691519 0.9957730619524257 -0.08603540924867908 -0.6313766145743095 -0.1534500980985811 0.08014100931394531 0.9849012569895914 8.69327504279125
0.9869967483994164 0.0534121831221152 0.15160658740012015 -0.15866202003593358 -0.03993524438666163 0.9950873715231964 -0.09058862671899573 -0.6470767588826628 -0.15570033688068335 0.0833562338951658 0.9842810286529224 8.79079723483285
0.986909191646792 0.05338479422505544 0.15218512144301602 -0.15329635989873044 -0.03972272029988082 0.995017826682232 -0.09144194921667588 -0.6608840644493384 -0.15630851843407167 0.08419969317115239 0.9841128282543766 8.881275186086794
0.986804454278496 0.05241928292594893 0.15319656586767982 -0.1441759653281037 -0.038857986511858275 0.9951640082418972 -0.09021448655379917 -0.6757063601980607 -0.157184687232457 0.08307114708158735 0.9840691838596425 8.994609399156253
0.9866584598960526 0.05001050058461287 0.15493235087233173 -0.14179444710874745 -0.0364471764382529 0.9953483952463721 -0.08918057753878328 -0.6862640956140647 -0.15867163213766278 0.08234392455881936 0.9838916562523642 9.089122042249873
0.9862737749385432 0.0519312918578284 0.15673921587928785 -0.12947107229626253 -0.03802910028772534 0.9951765986402309 -0.09042856324285423 -0.6997580438688064 -0.16067927184233538 0.08322666907210591 0.9834914809775313 9.199485016542146
0.9863314999691115 0.05221943925054796 0.15627956466871182 -0.10525662498759217 -0.03805607836363626 0.9950048782878422 -0.09228774069711136 -0.7132302225737421 -0.16031814329097174 0.08507891835087496 0.9833919211504534 9.304982898636974
0.9857685160780666 0.05570471895739369 0.1586108980969633 -0.09636613200238751 -0.04088264657325421 0.9946157634265467 -0.09522653176817064 -0.7265596081210496 -0.16306146668791469 0.08738688362280597 0.9827382615184367 9.414846945179056
0.985152471166603 0.05902455462365957 0.1612163468939027 -0.08334466384151973 -0.04366270271626907 0.994304397619177 -0.09722311076424496 -0.740629035725952 -0.1660366734966926 0.08874044639646898 0.9821186059878446 9.514014903106876
0.9844259305744901 0.06338863944718058 0.16397398452677106 -0.06813612665001874 -0.04778149606930637 0.994094159560171 -0.09743577660047037 -0.7550477471337611 -0.16918190165005628 0.08808338275403181 0.9816408721302697 9.620280881797395
0.9838719406455984 0.06335630009530817 0.1672781624973776 -0.058193692046655546 -0.04756169100479138 0.9941670391029145 -0.09679764413511978 -0.7622956867591758 -0.17243517610693768 0.08728045370859279 0.9811463868564113 9.721177323691954
0.9834179859890202 0.06558877321794673 0.1690774309630521 -0.043618121892269685 -0.04979082218342147 0.9941311165384248 -0.09604268403352889 -0.7762753308807004 -0.17438445704706557 0.08603159860092181 0.9809121393797556 9.83747766809744
0.9831828798625162 0.06509314414444149 0.17062915146785937 -0.024251480707706826 -0.04907287258732374 0.9941240433450995 -0.09648440091133767 -0.7918019274603973 -0.17590701498598366 0.08648854854015323 0.9806000474455104 9.967003898787244
0.9825181548058821 0.06665954622646612 0.17382341721910696 -0.0029735421581560083 -0.05006402054325899 0.993909298060644 -0.09817281230382836 -0.8068706829335615 -0.17930886571469434 0.08775427126630492 0.979871174466638 10.085709735214168
0.9814786148702271 0.07114478831737531 0.1778711546251874 0.024793947242143885 -0.05405090340066911 0.9936012859758001 -0.09917148959660009 -0.8307312057612207 -0.18378854260805552 0.08772059964747683 0.9790438539736066 10.221722560901258
0.980308399117616 0.07488874772121815 0.18272142207252443 0.04838599388909989 -0.05705600944134715 0.9932512475980007 -0.10097807153855154 -0.8498889021833717 -0.18905040176124147 0.08856429647303533 0.9779653935514018 10.351480997602907
0.9791539148611448 0.0793261047460941 0.18698925134324274 0.07535670485005992 -0.06060788329773516 0.9927514206498346 -0.10378487982314182 -0.8689390458772454 -0.19386669516516455 0.09028834865888072 0.9768642273121624 10.488040147416662
0.9781765561376379 0.08439966103487513 0.1898613237073565 0.10024722821315048 -0.0650634064512925 0.9922483741848019 -0.10587689582043952 -0.8850654992443904 -0.19732556388786876 0.09121327285442896 0.9760854269435215 10.603010151359795
0.9779000603233148 0.08626251596243385 0.19044750027104226 0.13178644377467363 -0.06662355984323245 0.991999778135352 -0.10722752190192787 -0.9041891315917827 -0.19817359383498362 0.09216950970491311 0.9758237587737251 10.722355146229889
0.9776039857362889 0.08785720170382422 0.1912369189808691 0.1544423268267049 -0.06826912049031549 0.9919424442089655 -0.10672166867240598 -0.9231497063622407 -0.19907228400759544 0.09127595239447017 0.9757248209687401 10.818439147513477
0.9772961543156435 0.08875071775222425 0.1923942225180339 0.17199377787607992 -0.06904951260160139 0.9918797096979066 -0.10680265118000773 -0.9358984938386203 -0.20031073752880796 0.09109309297670246 0.9754884196353134 10.89797467973585
0.9764382324848085 0.09073023050666432 0.19579684219657564 0.18249800764053278 -0.07056614361177951 0.9916842689170579 -0.10762309305257459 -0.9447540744227638 -0.20393331635047984 0.0912706746696276 0.9747209172002232 10.968336562931595
0.976173696723564 0.08961873221323262 0.1976193225915534 0.1989612389831902 -0.06911926961612383 0.9917117241664636 -0.10830689137129935 -0.9585829986581467 -0.20568772543053007 0.09206703529099751 0.9742772811781764 11.052950728305394
0.9757631141730906 0.08990138795453424 0.1995096124578481 0.2202449699571058 -0.0693817012341682 0.9917733572223681 -0.10757224287764276 -0.9775079710101815 -0.20753921208553586 0.09112271038397775 0.973973370836796 11.150525204668961
0.9760110238527446 0.0857479628859176 0.20012438177001995 0.23368054813446443 -0.06521171745860073 0.9921122564285985 -0.10705467084744831 -0.9934126679385293 -0.20772557190682378 0.09143608426147297 0.9739042711020988 11.232306477324297
0.9758112117917835 0.08851032829855213 0.19989597476170873 0.251457739102277 -0.06756854726033583 0.991712910639101 -0.1092702809223593 -1.0058484302887398 -0.20791096739368728 0.09312048462183868 0.9737050913809651 11.33943292055653
0.9750765325891771 0.0901698847800252 0.20271938109767573 0.25823362733225635 -0.06889030146474545 0.9915752893937512 -0.10969308012721862 -1.0171190556923635 -0.21090254137388711 0.0929937489429097 0.9730736255287045 11.437715000989074
0.9746688636646448 0.09282941525072287 0.20347802305624782 0.2722193022089354 -0.07111747447808614 0.9912110578989239 -0.11154794270965342 -1.0265370494276214 -0.21204459678692303 0.09425146345339279 0.9727043490240822 11.539749135759449
0.9746868006265446 0.09506205449614105 0.20235821327379647 0.2953656413300734 -0.07329003658798734 0.9909445511129553 -0.11250540945428478 -1.0425396893372656 -0.21122076418127553 0.09482669673946006 0.9728276755747438 11.649231031704
0.9744930282945402 0.09376590264613024 0.20389039532624648 0.3029232898824936 -0.07187549867513394 0.99107692020008 -0.11225173021796347 -1.0548256128621665 -0.21259644986579013 0.09473380467226097 0.9725370202500155 11.717625962676125
0.973781644243833 0.09241901221612261 0.20786542645368808 0.31166169325717075 -0.0701909765958351 0.9912382665263458 -0.1118924741811055 -1.0717279164472935 -0.2163851569269489 0.09436856020329355 0.9717366097389024 11.817531206949614
0.9733079071412585 0.09440651199142493 0.20918682652097556 0.321632084381335 -0.07145466381357354 0.9908273126964078 -0.11469728607994976 -1.079641195861775 -0.21809619188695825 0.09668840110597354 0.9711258436350958 11.878329562447867
0.9737513654845317 0.08721322755959361 0.21024302879203507 0.3372994792917115 -0.06411669870690528 0.9913769061715437 -0.11428420213077482 -1.0941923953802297 -0.2183971775548801 0.0978043089458662 0.9709464403290651 11.961382705493472
0.9735192771509558 0.08105443880793362 0.21375311685449508 0.3485339760831962 -0.05795722210431202 0.9919940400437038 -0.11219975456178001 -1.1044951016028588 -0.2211361061008172 0.09684008708847386 0.9704230109139333 12.03165461482805
0.9738149345753039 0.07102911390066824 0.21596142752024536 0.35781552292984914 -0.04792390779766687 0.9927303291147709 -0.11040739430437241 -1.1190735145568829 -0.22223359840378987 0.09716665392080952 0.970139613203345 12.127656689920395
0.9736394113773967 0.0674321920364191 0.21789721450683933 0.3736477606478655 -0.04365703549525708 0.9927324588245064 -0.11214423056054808 -1.1354349405304156 -0.2238757688193205 0.09967529620430049 0.969507336466384 12.218411733004862
0.9732878070353584 0.06669119191482892 0.21968871067326654 0.3950432702955193 -0.04224612428592958 0.9925647639128036 -0.11415101585855619 -1.150998397171986 -0.22566814054961432 0.10182079532051426 0.9688686267916701 12.295412653672633
0.9716397585484559 0.06876576865398482 0.22624643349525975 0.4030064485354267 -0.04328693659205064 0.9923390292419361 -0.11571297318645578 -1.1634696400569726 -0.23247025772854055 0.10263781030692504 0.9671727142382713 12.38019164839359
0.9701805663789058 0.06812966749671472 0.23261130030050636 0.40824804357344546 -0.04189050078463648 0.9923726062686072 -0.1159387608682521 -1.1752715008981132 -0.23873595155467792 0.10273732882667577 0.9656346030983155 12.470637017095479
0.9691521747170847 0.06486120046686972 0.23777528659459465 0.41981991593222734 -0.03880822143647467 0.9928753244724565 -0.11266104918139755 -1.1870224935289566 -0.24338854572490162 0.09995806484577575 0.9647644277657652 12.561113471571671
0.9678761829257168 0.06155717146171281 0.2437753251803332 0.4385724742125495 -0.03509480625556495 0.9931504667683234 -0.1114473190873038 -1.1990434737498163 -0.2489659597194527 0.09931195798843304 0.9634070198527074 12.666988421204703
0.9670376631574323 0.05646988216308005 0.24829279176709912 0.45857681483698604 -0.029744315367995502 0.9934751182151952 -0.11010206714950764 -1.213185220443601 -0.2528901614106434 0.09908754662314204 0.9624075147077277 12.789528447873248
0.9653484944214953 0.054212045142327206 0.2552711078043079 0.47786780762283904 -0.026668822411264288 0.9935571443839765 -0.11014978327148928 -1.22751219997275 -0.25959787793691347 0.09952514760122645 0.9605746648572433 12.884026593336747
0.9637641446574531 0.05491922597033814 0.2610412842665058 0.49654142590222644 -0.026993458825007935 0.9936327768842499 -0.1093858212107884 -1.2415918376223418 -0.2653865608001849 0.09837572525839354 0.95911010318239 12.979168743525696
0.9626491002345954 0.05475534249478243 0.26515761781589997 0.5199300034389055 -0.02659703340926434 0.993724709646861 -0.10864529097521822 -1.2575777458832749 -0.2694425868925516 0.09753488558224929 0.9580645272961039 13.082417436673122
0.9605057763559927 0.05641240187463758 0.27248173241798446 0.5325722827537619 -0.027219636718018886 0.9935860078713302 -0.10975398097223578 -1.2737432944913936 -0.27692552241299595 0.09800247893318431 0.955880624952321 13.202877699282235
0.9597049953619877 0.05872412858137639 0.2748050192401974 0.5642157426035163 -0.029085878131454437 0.9934268096695044 -0.11071217423208242 -1.2889987890746935 -0.2795001495000842 0.09825808135838401 0.9551047146136382 13.312597467916682
0.9583438883760305 0.05887017846700949 0.27948397753641036 0.5955267717068798 -0.029133543928963702 0.9935722386146999 -0.1093866686224386 -1.3071614704688042 -0.2841271339215059 0.09668768660712977 0.953898979466962 13.441205112727616
0.9569499256402044 0.062222427552209615 0.28350521922306304 0.6140561977457677 -0.031650731390049765 0.9932972959637733 -0.11116974873378736 -1.3197640896959129 -0.2885222192824703 0.0974107352429319 0.9525051588520395 13.564339120494136
0.9563834087192764 0.06456614756268657 0.2848894313859508 0.6390465786531424 -0.033233043482674515 0.9929841656413144 -0.11348132712699241 -1.3365187795352127 -0.2902177464376973 0.09906391560269676 0.9518193107297653 13.683501399737116
0.9538077891759121 0.07160089890427584 0.29176019705137574 0.6387330476244868 -0.03880231207988814 0.992409321272598 -0.11669669930430172 -1.356824086756351 -0.29790112769946475 0.09998525054908533 0.9493460211050674 13.851295806878744
0.9508489223417074 0.08134440638481288 0.2987798762157773 0.6424409075737738 -0.04743878813939691 0.9917555777861637 -0.11903963755783283 -1.377069797516779 -0.30599981742066135 0.09901495583969748 0.9468686024251642 13.979872527808658
0.9502614115994564 0.07881886255770647 0.30131517806130653 0.6582320785080528 -0.04430244894295471 0.9918180945072272 -0.11972535414736511 -1.38338998942507 -0.3082864619840843 0.10042138374452181 0.9459783311705244 14.140927838786256
0.9488181372172444 0.0844975892372712 0.30430954618724415 0.6767165473501794 -0.049899738743660445 0.9915505450961587 -0.11973943624732618 -1.398404822639142 -0.31185599009945497 0.09842598199968586 0.9450175487822886 14.249133303536215
0.9471243758549224 0.08808321328665202 0.3085397287198528 0.6959178867997475 -0.05342871528655664 0.9914516448592368 -0.1190336435162115 -1.4159446357758223 -0.31638708735384585 0.09625478400066495 0.9437341932518574 14.363809355542324
0.9464269948185337 0.08573388411082987 0.3113288367530841 0.7154421026109588 -0.050864382719072246 0.9916555701593358 -0.11845693201570269 -1.433556533839727 -0.3188867479989804 0.09627528907895264 0.9428904022543648 14.467155833717054
0.9462487392961657 0.08574660691833959 0.3118667067553174 0.7443895892551757 -0.05103880615701079 0.9917234824842797 -0.11781160619956713 -1.45411361591139 -0.31938748198149886 0.09556177944788698 0.9427934994802787 14.569487318004951
0.945986382379676 0.08824456190930988 0.31196580204510493 0.7803377897593885 -0.05237846670924548 0.9912025536367269 -0.12154831915424542 -1.4769255915379083 -0.31994727780901616 0.09864276434421256 0.9422862327685424 14.675023583498911
0.9449965815595835 0.09275510247682581 0.31365259731941186 0.8038870014383968 -0.05564670460584222 0.9905599660608287 -0.1252772840705068 -1.4961541488076697 -0.3223118134775847 0.10093287176180955 0.9412372975454725 14.771259464122886
0.9438795878108677 0.09845088690873614 0.3152756676003841 0.8366812456088496 -0.0611529895523906 0.9901300971027436 -0.12610591849758337 -1.5149182870542708 -0.32457916689582755 0.09974875276512082 0.9405841539910254 14.875885523710476
0.9425049294966746 0.10143005502191878 0.3184280166893568 0.8626040055187976 -0.06450342247197595 0.9901249361576082 -0.12446653882990656 -1.5348742276862184 -0.3279081675772474 0.09677062951714939 0.9397402188365603 14.97534307160924
0.940224904428867 0.10323066842218684 0.32453128999964725 0.8819504537910661 -0.06692886382595206 0.9903782043548267 -0.12112613064850572 -1.5515506373924832 -0.3339126476770436 0.09216529409718296 0.9380873638874399 15.079684514534613
0.939348801394818 0.10307050782370664 0.3271090028340406 0.9060435198668366 -0.06666197534246596 0.9904535726409723 -0.12065612908666148 -1.5636752183688916 -0.3364223689970054 0.09153245795727263 0.9372522599485918 15.185232462022816
0.938899867713461 0.1026091960023544 0.32853978648467325 0.9432006499952428 -0.06600848889293476 0.9904907524717558 -0.12071018458277967 -1.5781024902985366 -0.3378015953214478 0.09164836148937869 0.9367447144417721 15.294825552340951
0.9391392421917856 0.1013225818523006 0.328254806792256 0.9905144071544227 -0.06474742063471715 0.9905965195129633 -0.12052513036689101 -1.5954350693804118 -0.3373799865086667 0.09193622754708225 0.9368684404802113 15.406665308471748
0.9394201793966711 0.09864380272414768 0.3282668529206758 1.0280608131334814 -0.0618762651916332 0.9907649512936814 -0.1206488254976631 -1.6094575486118887 -0.33713655148657423 0.09302801444806981 0.9368482983811149 15.5001407261909
0.9398033019243336 0.09503427281785849 0.3282350387787688 1.062776371057641 -0.05823479037484737 0.99104030821733 -0.12019907103841886 -1.6218994382434666 -0.33671718530855577 0.09384878517318213 0.9369172549587301 15.573538664533018
0.9408297189441053 0.09078042434133227 0.3264940344140494 1.1044309773503123 -0.05432623539327217 0.9913941628907029 -0.11910614566108287 -1.6359290475954273 -0.33449678638149766 0.09432140977875554 0.9376648503371551 15.658174928646769
0.9419384105602037 0.0875735487497297 0.32416493374622524 1.1481960638481774 -0.05120944557337088 0.991564258684322 -0.11907104427139586 -1.6483739699292306 -0.3318578361217097 0.09555728365326958 0.9384770546717833 15.753383199001677
0.9421644644589438 0.08942593908960944 0.32300019091129323 1.185039141012454 -0.05274143927074237 0.9912980725260115 -0.12060875585904614 -1.6658174299589148 -0.3309750179310225 0.09659778891961154 0.9386822703563765 15.85371844307013
0.941349450133738 0.09594849234399032 0.32350440422013294 1.2142258252681637 -0.05771587024904051 0.990376300564441 -0.12579213648591103 -1.6832942068260903 -0.3324606609123905 0.09974302029319813 0.937827936696539 15.945768994526185
0.9401277785141405 0.10452764052510617 0.3243974914087969 1.2376119147682716 -0.06429795085799188 0.9891123826053113 -0.13237245971995065 -1.6968840237799294 -0.33470215652357127 0.1035889325319111 0.9366129400533448 16.050331647953463
0.9390812982349072 0.11389058715354003 0.32427650155887416 1.2701523375914439 -0.07437881352201596 0.9884853235279398 -0.13177464577423018 -1.716947371617632 -0.335550454335108 0.09962780398908988 0.9367391276485758 16.145543961977143
0.9383294515821863 0.1224792676409401 0.32332130967755796 1.311700349256313 -0.08446114593096132 0.9880204649570772 -0.12915833559640105 -1.7386687870994897 -0.3352672890717209 0.09388498188817326 0.9374334403328893 16.259195557159448
0.9381462233208467 0.12146662851889149 0.3242337456605716 1.3508484924260575 -0.08411438239816896 0.9883449774954598 -0.12688174074025171 -1.7585170668143424 -0.33586669132649166 0.09176090461495806 0.9374291984153469 16.37226661268549
0.9373352202983755 0.11987590675264619 0.3271581448908544 1.3781405749738067 -0.08184306308905326 0.9884316035827486 -0.1276897727425346 -1.7731784119596488 -0.33868037707017395 0.09291249657107344 0.9363027662933262 16.489226412244953
0.9379483503800795 0.1186574970915799 0.32584243186431033 1.4281042064638416 -0.08001272303353058 0.9883343308236855 -0.12958863633845433 -1.7924852096694024 -0.3374179250900063 0.09547590742832625 0.9365006646707159 16.634579706207827
0.9381219185561134 0.12154512856037479 0.3242746484815569 1.4718264063366175 -0.08170549986542354 0.9876326484346188 -0.13381316466538265 -1.8066675785088373 -0.3365285682023685 0.09903804051608389 0.9364507404633725 16.76997693733744
0.9388048274206614 0.1241688835368923 0.3212904984167166 1.5204523378146397 -0.08362243412676416 0.9870198812552241 -0.13710960038466105 -1.82745576290945 -0.33414485559765106 0.10185206118743062 0.9370023335667297 16.918061977723564
0.9395232151376749 0.12509940542043763 0.3188201169638103 1.5614563360268312 -0.084525819489035 0.9868024723012635 -0.1381168581304402 -1.8456383768961155 -0.331890816469922 0.1028154629594694 0.9376979612430425 17.03800177917901
0.9391604013024314 0.12993470881163333 0.31795394646314834 1.603290666684312 -0.08869644025995185 0.986033628129691 -0.14096320683999075 -1.8625475292438214 -0.33182929664311905 0.10418567868683896 0.9375684840297777 17.16859962440566
0.9391975698477933 0.13037443747062907 0.3176640219575 1.6430054559362344 -0.08871377322328797 0.9858378954018401 -0.14231482856737174 -1.8833057174637946 -0.33171944656966496 0.1054805671386458 0.9374625639051539 17.30201149994107
0.9404234424465886 0.13210982692145512 0.3132901890064376 1.6767243529844735 -0.09001101718810163 0.985286352738642 -0.14528874661084518 -1.9013070588276584 -0.32787461884334573 0.10843337464899923 0.9384777235398615 17.418853049289098
0.9390702971741928 0.13341477568639734 0.3167766951556252 1.6945696513714579 -0.0905848734766979 0.9850775809303133 -0.14634391085964346 -1.922784837242918 -0.33157406059941114 0.10873204300956027 0.9371424572393385 17.545261905712646
0.9401055404186102 0.13373842908108505 0.3135531939897189 1.7342435509273557 -0.09071872240816677 0.9848101758393312 -0.14805077158845922 -1.9377585972622593 -0.3285904537244812 0.11073820546781345 0.9379580819902925 17.651541878584315
0.9402056418194054 0.13419737688019473 0.3130565685773621 1.7625524028741957 -0.0911165529488844 0.9847113530078968 -0.1484632110526822 -1.955890046519166 -0.3281937306983033 0.11106131322758185 0.9380587720577506 17.746283044030434
0.9394299716262406 0.13479791764715357 0.3151203735214677 1.7843523911681152 -0.0912873587999084 0.9846086049246552 -0.14903862999794382 -1.9734245903941396 -0.33036032832901496 0.11124484934736698 0.9372761796610577 17.843178932307904
0.9384620430146844 0.13531258237182608 0.3177727157459717 1.801901751673562 -0.09099698433856503 0.9844215392571004 -0.15044527871612015 -1.9884082168704589 -0.3331794451372848 0.11227082478788447 0.9361552858577787 17.947243546763215
0.9378565750682606 0.13436105914511287 0.3199564820200285 1.8293073302012364 -0.08960032862404867 0.9844971071692127 -0.15078868354726432 -2.008876968468785 -0.33525635819726296 0.11274995237630023 0.9353558801480059 18.055699219007526
0.9370077254880793 0.13599177005705698 0.32174953123882255 1.8642215825819828 -0.0910343436395738 0.9843433802334356 -0.15093329012755557 -2.0310893129463166 -0.33723770645312656 0.11213540149018665 0.9347172733393075 18.170066507804833
0.9340851317814347 0.13681563221509624 0.32979758847881274 1.8756982889313656 -0.09055520027346503 0.9842490925967446 -0.15183372295350012 -2.054336690279983 -0.3453762039983199 0.11196073643948151 0.931761810339767 18.30627001378193
0.9348982901985031 0.13216460226459906 0.32938989798133206 1.9211849168415025 -0.0854457606765031 0.9845963903862636 -0.15254169928500552 -2.066874152882584 -0.34447671759688686 0.11446600345335545 0.9317903868827425 18.40510588925984
0.9340826479475997 0.12993236609043451 0.3325765882399695 1.940826521424959 -0.08283508359364378 0.9848838003588493 -0.15212576611720813 -2.0931603989758143 -0.3473153548710891 0.1145490289476726 0.9307258265665106 18.561901458528986
