1.0 0.0 0.0 0.0 0.0 1.0 0.0 0.0 0.0 0.0 1.0 0.0
0.9999657573633115 -0.0012504502875519063 0.008180493560721392 -0.025010542781667006 0.0012564040822894988 0.999998949572399 -0.0007227052515458067 0.0013300951696422908 -0.008179581260715559 0.0007329585097172691 0.999966278042526 0.07833137539117828
0.9999755872159772 -0.0029980922308374723 0.00631160954407704 -0.0276642681837985 0.0030038674457132193 0.9999950782012114 -0.0009057338029795593 -0.0018447390805819916 -0.006308863006126914 0.0009246709299353288 0.9999796714089948 0.1755002149681275
0.9999903045713998 -0.0038093220600464496 0.002209033417950365 -0.02172364630415345 0.0038177910721144625 0.9999853303030535 -0.0038423495446179095 -0.0007458794067973257 -0.002194364265216852 0.003850745919453262 0.9999901782124337 0.2635595936619472
0.9999893615497507 -0.004403254076956411 -0.001374096377792645 -0.021608275943976653 0.004397243898443857 0.9999808850223738 -0.004346704034966065 -0.0034623014302218496 0.0013932097542344185 0.004340615555858279 0.9999896089576013 0.35287182768050773
0.999992036871061 -0.003976449418824176 -0.00033770473202122394 -0.032089734951379616 0.003974935588395609 0.9999825472799355 -0.004370929260413271 -0.0065458130824204 0.0003550796172723672 0.004369552099582238 0.9999903904202848 0.4529445179762386
0.9999391150406427 -0.004502967746614882 0.010074199383034402 -0.052009498615085664 0.004542801998933915 0.9999819403667408 -0.003934703338991744 -0.008456684268402083 -0.010056299604460178 0.003980228867833707 0.999941512597824 0.5168278244757234
0.999798667543516 -0.0015884751947777616 0.020002527959374912 -0.07715803185086129 0.0017308952506606516 0.9999732625228424 -0.007104804082668511 -0.004814673191350394 -0.019990707337191417 0.007137995935655742 0.9997746849336507 0.5860630947951971
0.9994922128833941 -0.0011941726385385988 0.031841644699445726 -0.10668418698197087 0.0014227011799486328 0.9999733881394683 -0.00715534305424282 -0.01310805595165947 -0.03183225261914314 0.007197010808710325 0.9994673134868443 0.6568339365029046
0.9994770298518133 0.0020613224619828313 0.03227100476132542 -0.11678892244447774 -0.0017153129833374177 0.9999407887512927 -0.010746008226840133 -0.01567261596735747 -0.03229124494297105 0.010685033511872824 0.9994213853820032 0.7498979856507931
0.9992387410875472 0.007254587466367207 0.03833157015394202 -0.13238098347419328 -0.006814370056657374 0.9999094672360456 -0.011602658852936742 -0.021990272676276772 -0.038412272394440276 0.011332620721595053 0.9991977126860705 0.8215718120232547
0.9986380625751969 0.011300252514577986 0.050934509609538575 -0.16544271630923954 -0.010714064243908078 0.999873364611159 -0.01176705436959915 -0.028671364555257924 -0.05106103018383795 0.011205312769684927 0.9986326712872446 0.9039128302957585
0.99756187460676 0.011946689308828314 0.06875742102206517 -0.2071039545383002 -0.011368122244002422 0.9998966595947274 -0.008799768630552523 -0.03645143875308904 -0.06885544370412998 0.007996670923838538 0.997594597582827 0.9825145510810186
0.9967737533125857 0.008272166087186807 0.07983518006096824 -0.22922464316150956 -0.007844662353175194 0.9999531721509536 -0.00566699018969046 -0.04139023707795551 -0.07987831983527127 0.005022427049880123 0.9967919688916147 1.0681367559247268
0.995917110630905 0.007792913132606923 0.08993541714751592 -0.25443774947897846 -0.007050164190663151 0.9999383939497807 -0.008573417639301518 -0.041610004129957676 -0.08999668848060322 0.007904353866119436 0.995910697428481 1.156251930791957
0.9945019534724991 0.00946328724557958 0.10428955237170766 -0.28691932958723054 -0.0076539252458095045 0.9998134087353423 -0.01773598436363031 -0.03860963829947084 -0.10443793356685613 0.016840246658616054 0.9943888193884527 1.2461623388087493
0.9949566876688349 0.008989439955980555 0.09990184999457573 -0.27668322755841807 -0.006880581866271376 0.9997465917799694 -0.021433847473483886 -0.04138925944462451 -0.10006921232947932 0.02063836702873691 0.9947664100431537 1.350563451017849
0.9949916989022032 0.014646201883618178 0.0988787534614599 -0.27415611949855645 -0.012085704424196746 0.999577213378181 -0.026444852876903503 -0.043555498539807634 -0.09922426550133195 0.025117389703040807 0.9947480393899882 1.4583309666446984
0.9938248740580149 0.019063334797726053 0.10931015035192869 -0.2943004220081367 -0.015793311227485438 0.9994037614201003 -0.030703305682390748 -0.04068688847113093 -0.1098302828187346 0.028787339678135487 0.9935333905059313 1.5590867396038268
0.9944249417285557 0.021004117114612062 0.10333374246776934 -0.27759156509069227 -0.01775431872497629 0.9993215014985881 -0.032269502773033094 -0.04164051855478731 -0.10394142309383479 0.0302549782158655 0.9941231396856149 1.682631197488403
0.9955707553875179 0.02077905205508974 0.09169025036949045 -0.2448528651485222 -0.017680411792929243 0.9992490343790777 -0.0344785488574039 -0.04469278892202978 -0.09233782570518119 0.03270471354670166 0.9951904981740264 1.8201384579614504
0.9959204661268244 0.017609065409858918 0.08850054217416418 -0.23890217410464268 -0.014185887248959979 0.9991322121215608 -0.03916099212271916 -0.04918337713443523 -0.08911333094823407 0.03774577481609282 0.9953060186348932 1.943839706413433
0.996100048303092 0.017792326884980097 0.08641832487728852 -0.23750057634576544 -0.013970838409543673 0.9989060663113446 -0.044626072654105196 -0.05407463974631117 -0.08711779063264276 0.04324469667384741 0.9952589546268213 2.094265552155475
0.9962447637938577 0.016718097754651023 0.0849521972687423 -0.22693953004943393 -0.01258484580470454 0.9987215232365227 -0.04895856084681346 -0.05882603881269792 -0.08566208186469187 0.04770559958312289 0.9951814826950011 2.225546864881492
0.9965478604247925 0.020160222593727975 0.08053525506100223 -0.20480744471723078 -0.016085657403951032 0.9985728877144788 -0.0509258239741769 -0.06648658007909539 -0.08144699815617544 0.04945455839998441 0.9954499651638999 2.35372407782274
0.996892931566476 0.019423048605250702 0.07633628348090177 -0.18888041946007256 -0.015456084138804158 0.9985160685956822 -0.052218485417678644 -0.07714357803417585 -0.07723724785291564 0.050876378989666425 0.9957138151120563 2.4559213624256166
0.997231279638356 0.021013131896500253 0.07133178252888404 -0.17068690632313496 -0.017116318682916486 0.9983502088521052 -0.05480777426334618 -0.08117788300539107 -0.07236578297505356 0.05343508934078189 0.9959457237628712 2.6001683342681297
0.9973385062431827 0.02193276668117101 0.06953314109349079 -0.1620737874600906 -0.018160324327309744 0.9983524691268043 -0.05442931203625217 -0.09152286309300063 -0.07061236849833667 0.05302170436832537 0.9960936664194447 2.6992600176607717
0.9974575666005018 0.026760855239890777 0.0660474031150059 -0.15072956661193304 -0.023027939660327332 0.9981286674277243 -0.05664695273318181 -0.09913484839579596 -0.0674397273601161 0.05498199601491947 0.9962072391263815 2.8410974476802515
0.9975254338051647 0.03169524102857492 0.06275683714113534 -0.13767882481454566 -0.027976084910025775 0.9978493043157052 -0.05927988317945402 -0.1079262961199666 -0.0645007564678544 0.05737750057995929 0.9962667689139643 2.9850622328889256
0.9975321163996304 0.03877371174355506 0.05853440038902264 -0.1139678205623898 -0.03521303797628165 0.9975357863652664 -0.06068275601115993 -0.11957469100096349 -0.06074305481086421 0.05847182396895724 0.9964393243414206 3.0830677064169825
0.997610035042401 0.04058126473934058 0.0559229732297494 -0.10597588331749094 -0.037034918038449355 0.9973226721681218 -0.06305475735677457 -0.12469024077668002 -0.058332090898450116 0.06083295596625181 0.9964420297437389 3.2077473479348084
0.9976615014864548 0.04070051092207736 0.05490898708294357 -0.10902736346773839 -0.03708435904264254 0.9971736216001645 -0.06534155415359927 -0.1317853216332453 -0.057413228146389515 0.06315248843468665 0.996351084928559 3.352417901268714
0.9977095207011717 0.04130110332314495 0.05357173850576269 -0.09752877066235452 -0.037697752793168865 0.9970665325095251 -0.0666123801089295 -0.1428037855226682 -0.05616575234592727 0.0644402716763538 0.9963397310404181 3.4676005728018717
0.9976109598272594 0.042541029800126674 0.0544300800668104 -0.1021372814979072 -0.0387999184811557 0.9969282116739802 -0.06803460218429312 -0.15735017163718745 -0.05715714442123856 0.06576018211702343 0.9961970986153015 3.626029319390389
0.9973260405301135 0.0443172445719233 0.05810981598731431 -0.11661243392084107 -0.04032110412385725 0.9968547992243642 -0.06822549249060099 -0.17468167344208305 -0.06095061478574477 0.06570000834782543 0.9959761701267429 3.7727815675740883
0.9969496526681401 0.04783830734801327 0.06166754734017535 -0.13939989602530153 -0.04363355073876654 0.9967432377673323 -0.06781615747756616 -0.19224043164253368 -0.06471092098558963 0.06491852058674465 0.9957901799023852 3.9240680425332575
0.9969049031066923 0.048043738680827265 0.06222871793156255 -0.14611395603261035 -0.04374066477046776 0.9966740773230459 -0.06875709299913961 -0.20375480710692573 -0.06532509783594011 0.06582235764406465 0.9956907395506405 4.049350503875019
0.9965883243170501 0.04988483794426928 0.06575115799899911 -0.17007702520778598 -0.04525024748643795 0.9965071568084786 -0.07018476709299679 -0.21403264114995277 -0.06902265524703799 0.06697006325781753 0.9953646988365079 4.186613203774108
0.9966643390061491 0.04399109545493719 0.06873848175593958 -0.1898582418966295 -0.03918805730270422 0.996796200770107 -0.06972539203992055 -0.21858362384368216 -0.07158555383788684 0.06679908420745938 0.9951951521338753 4.314514562895982
0.9964872698529744 0.041673800773075496 0.07263893825003559 -0.20593248680253937 -0.03664298867950508 0.9969250519684266 -0.06926566348764482 -0.2265321681218889 -0.07530214075044697 0.06636064411137076 0.9949501758940109 4.428550631983398
0.9963448210278133 0.033782833863786686 0.078458382262111 -0.2487216739147657 -0.028221091919974538 0.9970808834304902 -0.07094562613944641 -0.22801774710627534 -0.08062609739966388 0.06847212596090138 0.9943897628115919 4.588841409641673
0.9962841489240899 0.033561426865915366 0.0793191353289173 -0.2511824424263186 -0.027858445579419785 0.9970195998957693 -0.07194320283097555 -0.24020754509779957 -0.08149724911002691 0.06946616478836436 0.9942497927267039 4.69433492014596
0.9959026675656035 0.029259372356124247 0.08556731773897143 -0.2908089306596166 -0.022864479344968706 0.9969376756008734 -0.07478292954820213 -0.2425358502488657 -0.08749338443562414 0.072520066856378 0.9935218908424444 4.8604117926569135
0.9954963058022859 0.024882081262550097 0.09147670285950928 -0.31410108545400567 -0.017999601246929862 0.9969979200388989 -0.07530711648351063 -0.24710414691126414 -0.09307588027493809 0.07332141208510222 0.9929556138322053 5.000216986896102
0.9952933813127267 0.023058186687406414 0.09412441310185678 -0.31171051849084813 -0.01592869003565266 0.996995357667778 -0.07580589437931348 -0.2565178462815791 -0.0955895493703593 0.07394982633913517 0.9926701673947812 5.113306722700637
0.9948339294602961 0.01781468606359817 0.09994043103290469 -0.336264075723366 -0.010200584955350063 0.9970414211060024 -0.0761863023482056 -0.2665993065242358 -0.10100198444167327 0.0747732676788902 0.9920723550122059 5.269397196019924
0.9944549406340384 0.018923316191520864 0.10344698716186852 -0.3311769015270311 -0.010928562006135813 0.9969471329017854 -0.07731093539330823 -0.27975613669073907 -0.10459415653386232 0.075751714853368 0.9916258064994796 5.3990546354425435
0.9941935622454899 0.017674473386525176 0.10614506008351492 -0.3226181807707512 -0.009400942227680932 0.9969132738768374 -0.07794579304489702 -0.29238508723670154 -0.10719507019847398 0.07649534207175719 0.9912909157086371 5.56640691834326
0.9938276051504612 0.019984199469534825 0.10912068095673577 -0.32264557317876036 -0.011403514559898284 0.9968331298083145 -0.07869988038264661 -0.3038374218971122 -0.11034786403271267 0.07696975437223742 0.9909081722416537 5.670072948046202
0.9933479368170701 0.023248498200627028 0.11278024540089515 -0.3159296399720206 -0.014611160281653312 0.9969382052333522 -0.07681620233601184 -0.3165569724945564 -0.11422079677753302 0.0746573658624434 0.9906461968361795 5.770175045916345
0.9927353645244903 0.01984366006186295 0.11867065845345706 -0.3380580649375839 -0.010875969215976998 0.9970680267305821 -0.07574340476369366 -0.3239928497902987 -0.11982574563106596 0.07390249811023204 0.9900405100080631 5.942345469506312
0.9917053448986495 0.01762112326777439 0.12731851756218732 -0.3879537858018445 -0.007913530944187532 0.9970493915743979 -0.0763536953206528 -0.33576948563596126 -0.12828828834872827 0.07471282872375805 0.988918656056527 6.158287663082409
0.9908440395344972 0.025534952144107205 0.13257471681266508 -0.39130952248869566 -0.015326394001612913 0.9968776970390019 -0.07745940093445028 -0.349835303587162 -0.13413870047777962 0.07471829337728991 0.9881416829933434 6.25506361169327
0.9901116827552485 0.029367106033289233 0.13717298842993686 -0.3910856633955421 -0.018725587914880264 0.996759192179245 -0.07823340183976216 -0.3626196487569504 -0.13902592574340977 0.07489116028884295 0.9874528373961857 6.358955969067788
0.9895637389152818 0.031949796369746104 0.14050913541809168 -0.3761906895808193 -0.020996483997176456 0.9966726766852215 -0.0787573692353465 -0.37263510530943383 -0.1425578980055617 0.07498523895439795 0.9869419738035196 6.439539162668721
0.9890481718124354 0.03344745426887705 0.1437531969641394 -0.37481872636697566 -0.022160712397981078 0.9965956091707336 -0.07941092247058196 -0.3808735390646099 -0.1459198980965009 0.07535555443725568 0.9864222847011112 6.5214511885111985
0.9883471583797122 0.03282480027343357 0.1486352145682762 -0.37422778557615904 -0.021199390520209995 0.9966385457219351 -0.07913403201428844 -0.3933922333656892 -0.1507331428860949 0.07506091971376322 0.9857207403557072 6.613281503990428
0.9876044917448964 0.031641664958761556 0.15374060271750634 -0.38050450679459163 -0.01940920267575259 0.9965716830220166 -0.08042489322440806 -0.40503877026830165 -0.15575830872475518 0.07644400327889282 0.9848328099864972 6.726789158194121
0.9871820910747661 0.029513797230491856 0.15684532136563525 -0.3862023913695118 -0.016845437588040028 0.9965314844356185 -0.08149375289560733 -0.4137563813645341 -0.15870649102579068 0.07780704532097522 0.9842552074562267 6.846126440593367
0.9871814367258832 0.03069516691771706 0.15662253257981154 -0.3693980061497728 -0.01807642556510243 0.9965204068776111 -0.08136535820156986 -0.42961855752900807 -0.15857507314395253 0.0774911956571453 0.9843013058880983 6.951487037757248
0.987020149148008 0.02960709480542522 0.1578437363756504 -0.3586186088266058 -0.016772912179107945 0.9964887036570788 -0.08203007314922113 -0.4417758812817521 -0.1597181723939863 0.07831783590611541 0.9840510261089652 7.069021499539289
0.9868929308193957 0.030968060443942624 0.1583771521749367 -0.3427465650620886 -0.018118576514947023 0.9964724003258009 -0.08194188534570908 -0.459058024425415 -0.1603560422428001 0.07799829883579293 0.9839726648108409 7.2010915453918845
0.9870540284093945 0.030233672529177674 0.15751276153437274 -0.3243031294817383 -0.0173844865171822 0.9964540052541407 -0.08232372101353898 -0.4691527871670762 -0.1594431705320726 0.07851968198088655 0.984079536883224 7.311365700043967
0.9868911266660374 0.029657223250936296 0.15863906585984144 -0.31190675940005747 -0.016645819968774216 0.9964331694269366 -0.08272759843823212 -0.48224287826353185 -0.16052669804554662 0.07900245549876515 0.9838647220221688 7.443459864129227
0.9866220310399358 0.028917488528630592 0.1604392306258917 -0.3065343944903668 -0.015648322878623035 0.996396579918554 -0.08336057532008377 -0.496022126300196 -0.162271679160961 0.07973477524772696 0.9835193275978243 7.5657891804375454
0.9866618037345195 0.02922340966345373 0.16013893149070935 -0.29567495608032146 -0.01587733068264357 0.9963396672487559 -0.08399510603025073 -0.5111630512870214 -0.16200739310827172 0.08033218405023641 0.9835142829588093 7.673275841909714
0.9856352281330568 0.029276202296739804 0.16633129904554056 -0.3083702886157293 -0.015184760408448955 0.9962338039020886 -0.08536762275074426 -0.5241661303087304 -0.1682041025493571 0.08161563540067414 0.9823676847004432 7.7968349813295506
0.9856026098929649 0.028195097489971916 0.16671092300658394 -0.287614187248483 -0.013891553916696888 0.996168001794749 -0.08635008355547186 -0.5403901302495601 -0.1685067360729406 0.08279099394130054 0.9822174561777325 7.949023429332157
0.9857690559772719 0.03131996341170161 0.16516182418939257 -0.26662640374444463 -0.01676563328348614 0.9959092148245239 -0.08879048016653798 -0.5558284174465822 -0.16726709723756727 0.08475786523674604 0.9822615855576495 8.096537599976598
0.9858869464551803 0.03145441119726713 0.16443098499222628 -0.2441725952031168 -0.01676695392565353 0.9958042837865078 -0.08995942223300034 -0.5751673079909445 -0.1665706999004792 0.08593281334085062 0.982277839272571 8.257544278085517
0.9858556180930031 0.03057824708975865 0.16478370999398206 -0.2180457206337524 -0.015559218108144007 0.9956673756603636 -0.09167544806254137 -0.5899048598977782 -0.16687303858420724 0.08781484982918433 0.98206004966252 8.40753217489972
0.9856570681464646 0.0306936489956445 0.16594590662094752 -0.19900378101351462 -0.015633447779146326 0.9956998366809534 -0.09130953150717254 -0.6067898977779658 -0.1680349348303881 0.08740557845386536 0.9818984293355868 8.533017952563137
0.9856820691171615 0.03298313224008648 0.1653571032902555 -0.1847910595983667 -0.018320979973363325 0.9958251958614227 -0.08942326867418011 -0.6276393363298279 -0.16761622926711736 0.08511340831615172 0.9821713228409192 8.646485413695089
0.9851929105153697 0.03651144562969138 0.16751669590904814 -0.18493763585565354 -0.021841284181334346 0.9958281837465841 -0.08859563624293158 -0.6440765093793905 -0.1700526017900478 0.0836250129686672 0.9818803235784012 8.758475150825669
0.9845760743692133 0.039561955524259944 0.17042536623051566 -0.18331756247823414 -0.024391776134923913 0.9956244395666843 -0.09020541333262437 -0.6612648036143631 -0.1732483622915167 0.08465711436508064 0.9812329886172219 8.858283874526128
0.9842344696904983 0.04363702680014791 0.17140104598603204 -0.17332248093537156 -0.02809893074806959 0.9953572930503091 -0.09205601154936201 -0.6815998609238211 -0.17462233180174247 0.0857885135878007 0.9808911112720504 8.956869578411798
0.9836144233697076 0.04716576806608929 0.1740059092726803 -0.17859770918067186 -0.031147752327210704 0.9951165296640073 -0.09366381326011358 -0.699539007356283 -0.17757388226887158 0.08670918470495827 0.9802800791731731 9.0663694519551
0.9839005573998896 0.04320667803956394 0.17341532839103532 -0.1594508908511846 -0.027568174972801666 0.9954145381079131 -0.09159635938223051 -0.7144283190174255 -0.17657771342061857 0.08534096493592751 0.9805800481485184 9.170340238071606
0.983522676105473 0.04199293480770543 0.17584009500840062 -0.15658946244733715 -0.02637279980417853 0.9955703545315917 -0.09024491458430937 -0.7279733851601666 -0.1788508345432479 0.08412052427366574 0.9802734906030598 9.272396984490578
0.9832831828909433 0.04280409755996575 0.17698020080204246 -0.1388239112242459 -0.026923786401157567 0.9954706779816876 -0.09117696531747428 -0.7417531950132349 -0.1800813482004151 0.08488779954007533 0.9799820251002386 9.38296294009784
0.9828663617760248 0.04489565598370177 0.17876827168978343 -0.12141068013263123 -0.02859747508215178 0.9952809903747534 -0.09272504849055593 -0.761369993969512 -0.1820876143730946 0.08602400986029052 0.9795121083577639 9.51197596008289
0.9823993205917229 0.046828033519203636 0.18082784679812045 -0.10589577647054126 -0.029699339417221866 0.9949095329517731 -0.09629626410128969 -0.7702750646379148 -0.18441671328570197 0.08923091683048558 0.9787892108837788 9.623462053704419
0.9818372298838685 0.048782920919915373 0.18334634067930447 -0.09267957553380902 -0.03097900922541268 0.9946303944803166 -0.09874552832073676 -0.7826044950832199 -0.18717893845564484 0.09127214801050167 0.9780763978320748 9.724525477999567
0.980933908788452 0.05310878730630647 0.18694417161243865 -0.07725919569951363 -0.03497677282771942 0.9944736470521334 -0.09898884119630391 -0.7974672554477804 -0.19116822945135395 0.09056280709917557 0.9773704957787257 9.833501822735213
0.9799722989787032 0.05552981725669363 0.1912347579019877 -0.06827874816034644 -0.03739961871258567 0.9945672769954816 -0.0971452523283897 -0.8123513619793636 -0.19559029054262086 0.08804754922899062 0.9767251749188314 9.930063707728317
0.9796521135699656 0.055621350987757924 0.19284190854737543 -0.047238018333557355 -0.037516653215973125 0.9946452835912791 -0.09629777028102292 -0.8254136654406486 -0.19716550689552695 0.08710353117940113 0.9764930812590068 10.051201542104657
0.9794676459929379 0.055230124672614525 0.19388853442557955 -0.02219927150579252 -0.03701058483405821 0.9946575705763222 -0.09636666387008586 -0.8414723747355715 -0.1981750414741793 0.08721210136131685 0.9762790084360367 10.170876783712739
0.978789463920682 0.05637505213620871 0.19695948521079779 0.00025290440647797105 -0.037517143950451436 0.994459317609333 -0.09819943752273329 -0.8569020639254462 -0.2014041936695059 0.08872721745112859 0.9754813333199752 10.296307504842302
0.9779769825205868 0.060585258329984265 0.19972593255012033 0.035559806888120424 -0.04133152534579589 0.9942086169477519 -0.09920146672014882 -0.8807407958873905 -0.2045793896572086 0.0887617736411798 0.9748172243387763 10.430096518930565
0.9770843954606006 0.06469623180085252 0.20278185751728692 0.05549494053297839 -0.04494978435944657 0.9939193968671896 -0.10051740852808558 -0.8943545842683317 -0.20805191908134404 0.08909899057752092 0.9740512146928605 10.52741552574113
0.9756007934972383 0.07142953913816168 0.20760759298750855 0.07814991894497955 -0.05046408287150666 0.9932343700843529 -0.10458901674208988 -0.9076859211182318 -0.21367374211047754 0.09156040094740346 0.9726048657655668 10.660285961506647
0.9744545609964853 0.07720736925568703 0.21089649282470582 0.10434955613035776 -0.055314912245062214 0.9926315608828087 -0.1078092984054755 -0.9225615018378863 -0.21766618716848565 0.09338954155565701 0.9715450707463646 10.807525601870308
0.9738660489019078 0.07855898201898365 0.21310421192535348 0.12993237531537197 -0.056082552571649694 0.9923982213836934 -0.10954687349044215 -0.9389972250706736 -0.22009013174886574 0.09473255268715071 0.9708687230352742 10.922058549392414
0.9736928844568989 0.07930176359123409 0.21361974873433878 0.15664616410034005 -0.05688020842379156 0.9923973711160591 -0.10914256590167531 -0.9564181162655475 -0.2206508750213061 0.09412060397838252 0.9708009596508839 11.02290851495142
0.9737058178290413 0.07861411329140576 0.21381487674453786 0.18031152879309445 -0.056453389568229165 0.9925627804857087 -0.10785240655978556 -0.9743020067188745 -0.22070340987880913 0.09294594120178423 0.9709021870827058 11.107970736462747
0.9730472412319545 0.07729173700075422 0.21726724033384984 0.19178806171736656 -0.05499189475434599 0.9927499316314784 -0.10688060982714517 -0.9873660443337425 -0.2239530259724291 0.09205194531948654 0.9702430012737487 11.178818608546877
0.9737277649106152 0.07609324720456455 0.214625388926941 0.22451473921009266 -0.05428161110423309 0.9929093206474111 -0.10575721094764934 -1.0083126956627264 -0.2211509587094399 0.09132852074440828 0.9709538376053389 11.268772470635104
0.9738922942767222 0.07644436586513499 0.21375232881982315 0.25615162178301726 -0.054818646159059514 0.9929244864705213 -0.10533698401102798 -1.0282573309511605 -0.2202923402701696 0.09086926375144187 0.9711920828155282 11.374224208288224
0.9743876642240937 0.07249432670367563 0.21286909687339234 0.2825008435598256 -0.05111400353814637 0.9932331714578025 -0.10428435049506825 -1.0511282235238182 -0.21898867196778754 0.09073279292326791 0.9714996252382856 11.480465700360442
0.9747008798322936 0.07246686396169244 0.2114397041279344 0.3067142327314143 -0.051030326665722936 0.9931471699174393 -0.10514087999142516 -1.0674342778921582 -0.21760997360998974 0.09169107106223168 0.9717194280618873 11.586514448392636
0.9741666555210514 0.07736633061615604 0.2121645073001586 0.3327234409244785 -0.0553539320307916 0.9926299609763293 -0.10780400169224719 -1.0775400842432445 -0.2189412466385854 0.09327492406388307 0.9712695398607022 11.706138092868356
0.9743390926369736 0.07896593026615671 0.21077882819808472 0.3578848702523063 -0.056837922002789525 0.9924091005654185 -0.10905791001730318 -1.091223046631141 -0.21779068662769313 0.09427915449418203 0.9714312419549318 11.817602828686164
0.9746829242365305 0.07835626631321717 0.20941225544646583 0.3814814407648691 -0.05641899869602909 0.9924659002680248 -0.10875814172426998 -1.1086976038775507 -0.2163564045455117 0.09418987384337604 0.971760347965232 11.920979429856965
0.9746122709187256 0.07951396862903175 0.20930468262201812 0.403967379900141 -0.05758033351140304 0.9923853631630508 -0.10888432473251207 -1.1271358938683584 -0.21636872825655265 0.0940681655641316 0.971769393251322 12.019736965246677
0.9743408211163902 0.07683016544763949 0.2115587152152444 0.4141913629372023 -0.054887155940475225 0.9926656339686363 -0.1077141552926602 -1.144795144998929 -0.21828276253291842 0.09333844232112344 0.9714116381668819 12.109718001736416
0.9742805934450957 0.07627011694874472 0.2120381911281438 0.43127042246508906 -0.05383664950002273 0.9925127309945708 -0.10963618920917512 -1.1588728430320172 -0.21881256912454114 0.09540098570938944 0.9710920201087002 12.190512636698463
0.9734311001233494 0.07480636674084662 0.2164160363921259 0.43046561661622285 -0.05130946657730793 0.9923566751929825 -0.11222997745469458 -1.1594736602118638 -0.22315741518532628 0.09814395903448701 0.9698291248219154 12.241380591093488
0.9730519828917945 0.07040100541118871 0.21957581157185532 0.44269931657347017 -0.04684576699183558 0.9927491396593385 -0.11070058636063976 -1.1701555869423195 -0.22577713060735746 0.09743122775956671 0.9692945079551278 12.322886099363485
0.9731627334224945 0.05920600300506162 0.2223711840275665 0.4515565827127098 -0.03572627779358968 0.9934906277747565 -0.10816656414407648 -1.1851539288487758 -0.2273277971403243 0.09731917453351091 0.9689432650653212 12.411489141990751
0.972751638720934 0.05713800506517491 0.2246986821120854 0.46433462769809924 -0.03272853956231882 0.993293038783682 -0.11089536420425918 -1.1983320751168791 -0.2295279766474092 0.1005195875491418 0.9680974746662128 12.498446675046816
0.9725528894044119 0.05628181201240825 0.22577252921409202 0.48761638923170575 -0.03129074956338983 0.9931269366018984 -0.11278198786813824 -1.2142811768141901 -0.230568354946834 0.10262185650400009 0.9676295718221849 12.577627140054874
0.9716485109332506 0.05889705531054605 0.22897665399979458 0.49776853347241984 -0.03305338814338177 0.9928029866539168 -0.11510735520940636 -1.225028034861034 -0.23410819023143564 0.10427543606625657 0.9666022908620461 12.655479755757458
0.9702134327085106 0.057872825953563765 0.23523739287816278 0.5045210598098101 -0.03148170416109648 0.9929315936911184 -0.11443667486049935 -1.2380076836825562 -0.24019741317316418 0.103622325133935 0.9651775051454312 12.744307029208645
0.9691459236447898 0.054595174097857156 0.24036544187530368 0.5163488701900942 -0.028405833495170632 0.9934027267088718 -0.1111041456959283 -1.2497250840003262 -0.24484543554277238 0.10084834918134293 0.9643030245525882 12.83475473953722
0.9675861767994044 0.051349108251473236 0.24726556482552892 0.5180760703923976 -0.0246535226982132 0.993639705804635 -0.10987419563776674 -1.2548246258974722 -0.2513348250547026 0.10021678567114407 0.9626979804614049 12.927169795115448
0.9668349546287716 0.045746297684727946 0.2512716592776019 0.536501500514248 -0.019029588471830908 0.9939964572261456 -0.10774468796401561 -1.27172468113634 -0.2546920596928214 0.0993897342284935 0.9619010528424528 13.05084169420812
0.9650163536542207 0.04407461755717934 0.258458633570439 0.5547104746768321 -0.016498982056867825 0.9940240972023757 -0.10790680132451301 -1.2842184698979446 -0.2616700608992118 0.09986752359095089 0.9599766960509067 13.141412629964135
0.9632027241619762 0.042184804768269316 0.2654448236707754 0.567099977648365 -0.014329385874336372 0.9942614826153667 -0.10601307885330144 -1.2967083419661065 -0.2683937049697895 0.0983084250415748 0.9582798509300067 13.227488757648441
0.9615780989846435 0.044240118490979335 0.27094348390205103 0.5840947684756731 -0.015777512240611684 0.9942045312894073 -0.10634105543536122 -1.3098465291470407 -0.274077780311674 0.09798041579577688 0.9567033022102064 13.322290045553096
0.9606427338781525 0.0459999186161742 0.2739517208093651 0.6082625602132941 -0.01686567284526011 0.9940328759247862 -0.1077691544931795 -1.3251982756881437 -0.2772743892366975 0.09890727510149837 0.9556862790714398 13.427336332691766
0.9595136383713809 0.048734882943460615 0.2774139307313162 0.6375543272294524 -0.019002459879649516 0.9938738973540938 -0.10887415982089611 -1.3400386621718596 -0.2810204339506909 0.09919469412559777 0.9545616419904455 13.537300970320054
0.9584195986142131 0.04962634663327868 0.281014410150088 0.6725286276975997 -0.01995886860192505 0.994008197694441 -0.10746788580957387 -1.3582856641886927 -0.28466386591258697 0.097390598294097 0.9536674235851926 13.6673036324815
0.9570468493436068 0.05298141415620142 0.28505139521756845 0.6912421846322488 -0.02248575767284498 0.993764094587607 -0.10921224752907299 -1.3708048134020416 -0.2890600609965885 0.09811164081026506 0.9522701229557539 13.790418307476756
0.9563885000541166 0.055832498828127054 0.28671199667757563 0.7143242927291829 -0.02447435817683462 0.993427665572037 -0.11181448505414902 -1.3873996011429743 -0.2910705116566551 0.09992099554497887 0.9514692595629319 13.920890002293383
0.9549246293037846 0.059195098725961515 0.2908863912867886 0.7177416077446447 -0.026574882382082905 0.993028467839139 -0.11484005262725207 -1.4030951335153135 -0.2956564357077409 0.1019333230493111 0.9498404443256351 14.075143316461089
0.9512780196317248 0.06828568541030897 0.3006778916608028 0.6986491134025298 -0.033645623762851566 0.9923339172004987 -0.11891748725533198 -1.4203530863393892 -0.30649323217185376 0.10300709655920655 0.946282958047588 14.24986636243957
0.9502713014831506 0.07196782417015725 0.30299354095711295 0.7207978500119373 -0.03705276724641556 0.9921485670292317 -0.11945004554718486 -1.433784965212289 -0.30921116735476967 0.1022832010940941 0.9454769170937207 14.37937168465443
0.9490223685861111 0.07988087209453515 0.30491898956382024 0.7439235463291926 -0.045319414246415786 0.9918837973066683 -0.11879681533132533 -1.4520565158583865 -0.31193379845019426 0.09892208506658022 0.94494006501498 14.471608146376578
0.9468965370028462 0.08462927981299374 0.3102012785440266 0.7584500308770037 -0.04946591436756579 0.9915972779655489 -0.11953226195087951 -1.466641507068395 -0.31771067266901104 0.09784029502023696 0.9431262933152476 14.587376762712548
0.9460381678509608 0.08715595523439133 0.31211476164445556 0.7819731129724434 -0.05169125996063413 0.9914073234795897 -0.12016460624791915 -1.4856575031941701 -0.3199059215033019 0.09754669865359893 0.9424143690377965 14.695179894176386
0.9459488555423091 0.08737062203401484 0.3123253705730323 0.8106149863359187 -0.0520101345321448 0.9914322390527133 -0.1198209550657599 -1.5062797206469736 -0.3201182728369951 0.09710041077313693 0.9423883496858119 14.79040755952419
0.9453087836318353 0.08958579994433409 0.3136330467868952 0.8428035491448111 -0.05274527856787386 0.9908725745984428 -0.12405432881382931 -1.5253741746323826 -0.3218838908322292 0.10072698425439923 0.9414057762015912 14.903281181631321
0.9434763315616476 0.10028161136960605 0.31590506517637323 0.8641096910824576 -0.06182740117463139 0.9896494825261519 -0.12950395437865853 -1.5462362026699366 -0.32562214950301616 0.10265232660214631 0.939911014722246 14.99129901870621
0.9420168633639703 0.10756810737639291 0.317857407359598 0.8921807506431345 -0.06890266299442774 0.9890501552172 -0.13050752276059607 -1.5640356026341073 -0.32841536530768634 0.10103906541675801 0.9391136539788609 15.0846167172074
0.9405651860926877 0.11101079739142865 0.32095752611980455 0.9152667314838698 -0.0728713804148046 0.9890248796229736 -0.12852839920889872 -1.5855228576560976 -0.3317030187183512 0.09750071973724245 0.938331879999744 15.170771172715488
0.9369726024945181 0.11591946303359162 0.32961344066140813 0.9262604361882295 -0.0778079998208844 0.9888977509450889 -0.12659839390615057 -1.6031276444379983 -0.34062920799385543 0.09297266407792833 0.9355895608629528 15.282286673046748
0.9351708641970218 0.12241515762609911 0.33237025128667946 0.9507195928212062 -0.08440916082509957 0.9883652869625564 -0.12652728202338392 -1.6225311484043485 -0.34399207596367065 0.09026953367997238 0.9346233802786049 15.374104049243629
0.9347998722956955 0.12209582189225711 0.33352932259758383 0.9907532088027593 -0.08397648220811349 0.9884102042883312 -0.12646429731212255 -1.6387270108502 -0.3451045482051772 0.09021018975233715 0.9342189103593166 15.485562391944288
0.9342132012135231 0.12079799731486378 0.335639000301063 1.022756388929396 -0.08241582479764194 0.9885511978220115 -0.12638892794699103 -1.657773619763415 -0.34706386516216775 0.090412239931236 0.9334732456633742 15.610231508862206
0.9342121862852842 0.11782724426691744 0.33669620060899286 1.0570705694703941 -0.07897095189913393 0.9887664219000902 -0.12690371026505445 -1.6715160320404463 -0.34786661201128777 0.09196577315151713 0.9330225703681733 15.708898992793442
0.9353624243987451 0.11422683479022248 0.3347377559175341 1.0971650941974749 -0.07549954758129283 0.9890831215417126 -0.12654800273540856 -1.6850313159511172 -0.34553864232227294 0.09309569751126 0.933775260845442 15.78209552146088
0.9358384616852352 0.11105396737130514 0.33447479719958423 1.1345826279804612 -0.0723283936265878 0.9893738726939073 -0.12612669624649878 -1.7015046309545827 -0.34492749543347134 0.09384218860273995 0.9339264781192583 15.883711562844885
0.9364503329600287 0.10986228205374984 0.3331531973146757 1.1750121718208801 -0.07123037262395267 0.9894607248056495 -0.12607025058645235 -1.7180856332152379 -0.3434923695148145 0.09432790175245226 0.9344063564831305 15.984545269867276
0.9371419242261978 0.10916963148260615 0.33143175077166176 1.2133593862829444 -0.07020691165308542 0.9893671967487601 -0.12737165914612142 -1.7324234211072704 -0.34181281926480306 0.09609652209862646 0.9348419412001135 16.0733663499403
0.9363757278762225 0.1146564372260061 0.33174447643768107 1.2442757897907097 -0.0737710467798387 0.9883189442453476 -0.13335477907734744 -1.7471687474421134 -0.3431593345681844 0.10039704103408714 0.9338961961858084 16.158479464193185
0.9357796402679138 0.12241015760609626 0.33065422751705775 1.274530938263281 -0.0803061367184715 0.987146778999768 -0.13817438661248643 -1.7652445366305285 -0.3433182040984803 0.10274721419694711 0.9335821445964796 16.253799924125747
0.9345544165366706 0.1308560403498632 0.3308847824179225 1.3062140942019738 -0.08904756889577245 0.9863418866078106 -0.13856483391069077 -1.7835074023734139 -0.3444975660371982 0.10003189204898404 0.9334425786129255 16.3595770957375
0.9331737376163584 0.13860166231795085 0.3316268303768782 1.3429886788888263 -0.09849163277592024 0.9859487722293223 -0.13492374443597896 -1.8052114726609474 -0.34566772151337394 0.09324482689239531 0.9337126049066494 16.47614084042307
0.9323835677500664 0.13943963255149086 0.33349283570050003 1.3759668300868628 -0.09991514833359401 0.9860734163099022 -0.13295179871063817 -1.8240590316953016 -0.3473871697733403 0.09064108627340749 0.9333307815324887 16.581835772972628
0.9333626699577852 0.13828154628343678 0.331228531812606 1.416348106597146 -0.09906946744243508 0.9862116925117327 -0.13255843305431647 -1.8427668142546365 -0.3449918360627469 0.09091045875258297 0.9341926576137551 16.688170799435532
0.9335466938454251 0.13872071005533143 0.33052554366042414 1.4669642943960897 -0.09844819983180364 0.9858469536376739 -0.1356972216119224 -1.8603126286863796 -0.34467161525160683 0.09414004782802354 0.933990968390373 16.835264065178325
0.9335759105281812 0.14265593296421716 0.32876329489707984 1.5130964710561055 -0.10091328323926944 0.9848820091315289 -0.1407975047893738 -1.8751344611202447 -0.3438786538116995 0.09826857523721151 0.9338579970067733 16.976105989527298
0.9341023588017616 0.14664736214228982 0.3254955214095752 1.5598076961543386 -0.10387314274743432 0.9839340562353489 -0.14520379883468576 -1.8922669491311677 -0.3415598827391098 0.10182496823942942 0.934327845216167 17.116452170597533
0.9348552558726673 0.14762315814003787 0.3228824147394981 1.6011202395008661 -0.10508987370446146 0.9837599220406144 -0.14550784938079578 -1.9121118602779603 -0.3391191074121722 0.10209710557800032 0.9351868326813456 17.225198512642113
0.9348276248316881 0.15227268691286422 0.32079641623914606 1.6461708739178929 -0.1094529761525429 0.982967539016279 -0.14763083435255167 -1.9318472430609326 -0.33781260761388654 0.10289725973327214 0.9355719085545968 17.355452266775437
0.9348985673385352 0.15274120795579227 0.3203666527286474 1.6866005351628306 -0.10949256163211572 0.9827528360839457 -0.1490243004217719 -1.9533215583366998 -0.33760338821698727 0.10424483949417636 0.9354982446286282 17.48819570544195
0.9359676325932423 0.15655978142352323 0.3153626889446784 1.722332971372269 -0.11263734355479774 0.9817709873492068 -0.1530965618042479 -1.9707912523683597 -0.33358270275108387 0.10777181097106078 0.9365403446650341 17.60367521613445
0.9357472866407158 0.1575515587079567 0.31552261708668305 1.754078262905144 -0.11326306550775418 0.9815254480649888 -0.15420529430797386 -1.9919487063399868 -0.33398876258988525 0.10856012688605292 0.9363045473104157 17.71792874392973
0.9357792545227283 0.15745224769355526 0.3154773787470863 1.7828683250859276 -0.11290320297927259 0.9814515933561511 -0.1549375250082863 -2.0073832678393115 -0.33402103760378116 0.10936891512179998 0.9361989034618525 17.810572414671242
0.9347727223546507 0.1572667313119376 0.31853906002895815 1.8016229529066567 -0.11222507724755312 0.981481822645081 -0.15523840972539818 -2.0241991292417505 -0.3370541344924496 0.10936456025490474 0.9351117063655007 17.900648912400932
0.9339551111207656 0.1576603108868668 0.32073521288198675 1.8226745206954111 -0.11225624395933881 0.9814290460511705 -0.15554923098244766 -2.0432083902625173 -0.3393027941286934 0.10927146900333115 0.9343090280834905 17.99845304223275
0.9335109343209781 0.15805995472601225 0.3218297472502876 1.8460250796791635 -0.11238558062077735 0.9813461874740417 -0.15597801639556028 -2.0630824551547486 -0.34048027368954 0.10943816081319112 0.9338610561460003 18.108638607910255
0.9338196978001716 0.1571761065405927 0.321366525221802 1.885458418151338 -0.11115915847174965 0.9813305868678635 -0.15695196961308555 -2.0816084341491456 -0.34003590029325953 0.11084200832858782 0.933857395805933 18.212429304202136
0.9323598045912682 0.15841695396918828 0.3249757890638241 1.9122983092786952 -0.11208761419179494 0.9812564156352354 -0.15675526632136222 -2.1021381447180287 -0.34371726975425987 0.10972654860977778 0.9326406183535353 18.32102075140022
0.9301681088476965 0.1582230427197623 0.33128953807085315 1.9321893373368715 -0.11084572204638854 0.9812883269500481 -0.15743711536861227 -2.1240685416497733 -0.3500007359802464 0.10972095581098074 0.9303014547280962 18.446426386367506
0.9290187873572974 0.1578573562758153 0.33467170153269005 1.956753896339585 -0.10929345731942652 0.9811461321648793 -0.15939638491842692 -2.1442432558738767 -0.3535237374269834 0.11150480889857137 0.9287559661548084 18.582141807756408
0.9285623684927065 0.15654242545146393 0.33655073444131306 1.987527379148759 -0.1068685452542924 0.981072922423705 -0.16147766075294007 -2.1640661663786136 -0.35545891725267775 0.11397539173340528 0.9277168577883942 18.72490811322039
