1.0 0.0 0.0 0.0 0.0 1.0 0.0 0.0 0.0 0.0 1.0 0.0
0.9999657573633115 -0.0012504502875519063 0.008180493560721392 -0.025010542781667006 0.0012564040822894988 0.999998949572399 -0.0007227052515458067 0.0013300951696422908 -0.008179581260715559 0.0007329585097172691 0.999966278042526 0.07833137539117828
0.9999755872159772 -0.0029980922308374723 0.00631160954407704 -0.0276642681837985 0.0030038674457132193 0.9999950782012114 -0.0009057338029795593 -0.0018447390805819916 -0.006308863006126914 0.0009246709299353288 0.9999796714089948 0.1755002149681275
0.9999675143334658 -0.003717579901264649 0.00715191424918378 -0.032361794924459765 0.003742545892084231 0.9999869392952281 -0.0034806018456001197 -0.0009767262489923582 -0.007138881424677692 0.0035072551432230314 0.9999683672663673 0.24385038605495749
0.9999359295549298 -0.004014821420057115 0.010583855350652026 -0.047169418532453114 0.004041613910319058 0.9999886793583121 -0.0025112770095611797 -0.007017027203466192 -0.010573653205888224 0.002553891967935463 0.9999408359966592 0.31871688491736055
0.9998673709102004 -0.00669414938739818 0.014846849938725053 -0.05755571935356478 0.006694850032962526 0.9999775892372471 2.5099807915469224e-06 -0.0115121421609773 -0.014846534011679798 9.688778590654988e-05 0.9998897794460133 0.39631004174209283
0.9996638836288155 -0.00723399503005269 0.02489556354171291 -0.08018836057883935 0.007258973340822006 0.9999732364220213 -0.0009130967669572282 -0.010739734054540132 -0.024888291909882582 0.001093506092239376 0.9996896404235842 0.4732318195294183
0.9994805040585978 -0.0053386881983942085 0.03178396474783949 -0.09513109734189187 0.005453921080631915 0.9999788616599499 -0.0035399121623350812 -0.0073230020356837115 -0.03176439440030007 0.003711420427698095 0.9994884934839378 0.5379186781466689
0.9990416504263465 -0.004976975030795108 0.043485749768686716 -0.12390892151800431 0.005126445570730679 0.9999813271695721 -0.0033263896331256347 -0.015214278041079013 -0.04346838240850847 0.003546129118330471 0.9990485096826202 0.6085204827332154
0.9991132251277415 -0.0013926353599920136 0.042081158985907745 -0.12589674350848573 0.0017441131496402616 0.9999638936329466 -0.008316820291319067 -0.01449186134282923 -0.042068057290114994 0.008382839446807034 0.9990795796925513 0.6969903482324832
0.9988022066460516 0.0016324993192843127 0.048902831665977496 -0.14734857655068898 -0.001132566963125282 0.9999468368554953 -0.01024893920185458 -0.01755833121970868 -0.04891696322394138 0.01018127735904541 0.9987509560948046 0.7822391042637556
0.9977806657783344 0.005219899201302585 0.06638144056340188 -0.1904215219587465 -0.004665358700381117 0.9999529390246423 -0.00850612509764038 -0.026313983076982038 -0.06642271770366667 0.008177553931841103 0.9977580619491638 0.8592040875023136
0.9974699903677468 0.006629012813539398 0.07077905413952036 -0.2075171433452548 -0.006122312179977551 0.999954073722253 -0.007373448300628915 -0.03149823566749169 -0.07082468220428613 0.00692146194015972 0.9974647651698146 0.955229317820723
0.9978790251601559 0.004280357665877564 0.06495482802432208 -0.19548064311596366 -0.0038249982032482113 0.9999672433042841 -0.007133141466154899 -0.033179925050504835 -0.06498323271554164 0.00686956015209077 0.9978627103009488 1.0564499744184495
0.997222728460984 0.0003556018566195692 0.07447619343219525 -0.22191043770176103 0.0002162982116557338 0.9999705559076048 -0.0076707583015006775 -0.03530944830378886 -0.07447672828416824 0.007665563590237542 0.9971932892267832 1.1465048522039731
0.9960413791889542 0.0020716836038960204 0.08886663643016572 -0.25569634465460334 -0.0005793287643624113 0.9998584382456668 -0.01681570239744078 -0.03238727136891757 -0.08888889312815572 0.01669765240930177 0.9959015780098304 1.2360639965722768
0.9963325514358307 0.00025692104668121777 0.08556506846221519 -0.24802737106895364 0.0015303150620695133 0.9997820440441495 -0.020821204160994422 -0.03420328905763024 -0.08555176845149728 0.020875784978744646 0.9961150016520901 1.3433219581465932
0.9962160911226957 0.003694484368882413 0.08683231295701313 -0.25218318179684934 -0.0014275263890961305 0.9996568823691184 -0.026154917328562476 -0.03317193911039974 -0.08689914819274706 0.0259319940865254 0.9958795457915943 1.4493919251390854
0.9963007046719867 0.00855743333133626 0.08550833997267268 -0.2503343434777926 -0.0060377182454549394 0.9995411345295959 -0.02968276169223555 -0.03259457086105001 -0.08572311140229877 0.02905668112619337 0.9958952040518324 1.5653674874188979
0.9968354981723178 0.010860220468896025 0.07874671545476641 -0.23770623538027585 -0.008396027981735195 0.9994667050871268 -0.03155649119299359 -0.03259331905316718 -0.07904743068358948 0.030795470992510173 0.9963950735871158 1.6852297979420798
0.9975669366478617 0.015003739154713175 0.06808152993564691 -0.20773862416347583 -0.012441227592005569 0.9992037821710354 -0.0379080143387008 -0.029819039516605788 -0.06859608416669985 0.03696876392951968 0.9969593210008718 1.8250842057838412
0.9979015415827988 0.013043781814882605 0.06342218115643439 -0.20010283239334153 -0.0103550805880457 0.9990411380981632 -0.042539119567094 -0.034092381171063404 -0.06391623903742238 0.04179311119663364 0.9970797612246564 1.9492356805720228
0.9981227435078286 0.010624530670020754 0.06031673267384033 -0.20033979227296167 -0.007770132924242411 0.9988475540197055 -0.047362314799772376 -0.04068063967684568 -0.06075042326391917 0.04680473455639857 0.9970550149797957 2.104312585494657
0.998122248077394 0.012023583970115943 0.06006172925784674 -0.19198085498335882 -0.008827094025068741 0.9985446122773706 -0.05320469624863688 -0.04255118714608843 -0.06061402728743494 0.05257462049649715 0.996775726518081 2.229815739867008
0.9982287654244411 0.015002983401257153 0.05756945690431688 -0.18028232054435997 -0.011801766740186582 0.9983862275345174 -0.055548708096646145 -0.048052824783081094 -0.058309949245447135 0.054770897002493824 0.9967949130390547 2.351993368766395
0.9985089025276006 0.014072924234125803 0.05274395109040875 -0.1642032577905812 -0.011060908237434441 0.9983146518332224 -0.05696939743472844 -0.05908948795897617 -0.05345678518289263 0.056301054507118704 0.9969817267028005 2.454191420030662
0.9986523593149587 0.01603497413664733 0.04935934398980071 -0.1550028515795408 -0.01314363882163713 0.9982093999675268 -0.058354422068920726 -0.06698425348184586 -0.05020667279548383 0.057627019885713796 0.9970749302765063 2.5975447248479715
0.9987696674997948 0.020176605995924263 0.04529962309814829 -0.14571608584255868 -0.017487641961280092 0.9981053507524451 -0.05899060245474458 -0.07678079885217103 -0.04640402634452242 0.05812584080961653 0.9972301905624364 2.70417545536444
0.9990715557828503 0.022039443823404673 0.03701741943449687 -0.11834657586426535 -0.019812366121519254 0.9980323648314646 -0.05948839296520175 -0.0856541986384417 -0.03825567375307028 0.058699758644055675 0.997542400983953 2.840041305790359
0.9990709710262979 0.026572812668573184 0.033927576975824894 -0.10895441869178484 -0.024470910953122624 0.9978418800273355 -0.06093239680693808 -0.09861659683309361 -0.03547350236012713 0.06004555012983675 0.9975651169422037 2.9789310905605952
0.9989931804235425 0.033617459303718566 0.029706765175930256 -0.08806692324085377 -0.03171482464625202 0.997550329044772 -0.06234990713967416 -0.11036801350127608 -0.03173003884196357 0.061344987184213676 0.9976121476718582 3.0775646873087936
0.9990071473607993 0.035356224680365124 0.027104554938033685 -0.08369087210886911 -0.033540942075289196 0.9973389266147279 -0.06473075516078713 -0.11568991886420402 -0.02932106285146287 0.06375737475253529 0.9975345971132664 3.202414919263909
0.998994636957688 0.03808748328159952 0.023644427399498534 -0.07272733985016686 -0.03645624131051834 0.9971560942000137 -0.0659595805723758 -0.12881718408999146 -0.02608941929759138 0.06503128029685688 0.9975421167969137 3.3311465392183783
0.9990567041884185 0.03693126687566483 0.022842577418761226 -0.0736103338244366 -0.035304196970366415 0.9970644729778424 -0.0679415219265517 -0.13717708140182944 -0.02528468889370099 0.06707099412098322 0.9974277749567502 3.456779752010199
0.9990181960917112 0.03693743121904914 0.02445955953406375 -0.07770989092029333 -0.03518430371963313 0.9970241171029451 -0.06859281804138334 -0.15162690288979422 -0.026920413247701145 0.06766488077305491 0.99734485272675 3.5812617472987385
0.9987712756930658 0.04108663831147878 0.027709691494257935 -0.0965145025119708 -0.03908800385995685 0.9968385929151882 -0.06917331587478519 -0.17006051459299054 -0.030464188889402968 0.06800520441209292 0.9972197477828956 3.735174110750161
0.9983829971669497 0.0466374209705336 0.03250141432545242 -0.1260752642963771 -0.044313028416628715 0.9966390259349528 -0.06889853043408302 -0.18885989905134412 -0.03560542768293263 0.06734688521859379 0.9970941031672339 3.8784510893350483
0.9980282946128434 0.05071850246475007 0.03697508160791315 -0.16426624526216752 -0.047994543787693605 0.9963091038005799 -0.07116665968483456 -0.20388185674782275 -0.04044807682436653 0.06925173782526356 0.9967788871607347 4.033171327407003
0.9978151126914896 0.05165359831819346 0.04119352698242344 -0.20099584118271024 -0.04854176943175507 0.9961305324839905 -0.07326430831991991 -0.2140839313549085 -0.04481849512091249 0.07110462737364343 0.9964614565858297 4.187804653120407
0.9978309529560416 0.04873828747753773 0.04424893960982416 -0.2276242571023326 -0.045395975362443185 0.9962518094103896 -0.07363109171686608 -0.22162344103187448 -0.04767173946615993 0.07146265864269241 0.9963034144656887 4.326263471340714
0.9977171473056833 0.04727044549827779 0.04822861136921862 -0.24791289929987664 -0.043656005082880166 0.9963445942620708 -0.07342753369788103 -0.23093308143577446 -0.05152326845622584 0.07115444095166697 0.9961337251295355 4.451410187309978
0.9977923604081623 0.045059546160620856 0.04878568243763973 -0.2522439900662474 -0.041410055682203295 0.9964428628055326 -0.07339501653594703 -0.2410335405186304 -0.05191929120764435 0.07121276896536177 0.9961089944061257 4.555960038014889
0.9978079952460394 0.04388807382936805 0.04952818993894173 -0.25593429204713364 -0.04013996196595893 0.9964286476264934 -0.07428817969643312 -0.2526437305558156 -0.052611672435414224 0.07213727999298356 0.9960061369081837 4.656101516057235
0.9976632429671868 0.03766752690033776 0.05700185128053958 -0.30372315785386267 -0.033286515789472386 0.9965561628961961 -0.0759461787070826 -0.25821685619449136 -0.05966625091954105 0.07387131791719466 0.9954812740028736 4.821301345684118
0.9974750269535125 0.03194507459326257 0.06342777635484885 -0.35012356137561595 -0.027002922449679702 0.9966420213216413 -0.07730151043214274 -0.26384143063866417 -0.06568418975116024 0.07539359087578319 0.9949881374526982 5.001397414342203
0.9971887075417181 0.033796335508772174 0.06687667199746462 -0.35490627498094385 -0.028566471269018137 0.9965698558417596 -0.07766903595881584 -0.27850813368748856 -0.069272204169597 0.07554025505459966 0.9947336485691899 5.124594925960428
0.9970120669682634 0.031698454859951916 0.07044250335672862 -0.35239345489985463 -0.02621186529999601 0.9966484153059358 -0.07749112456057668 -0.29327690838125026 -0.072662758254597 0.07541315686045463 0.9945013722138221 5.235708419424512
0.9968383760628214 0.031521060860523406 0.07293610032531393 -0.34874210788181037 -0.025785114369131442 0.9965970710282617 -0.0782905223821002 -0.30798821941002663 -0.07515570427723964 0.07616233150395608 0.9942589800321012 5.3690407326093315
0.9965245931728441 0.033280182434359845 0.07636206295558792 -0.3488463700892974 -0.02726659190200186 0.9965423361783109 -0.07848506335810551 -0.3240710998203952 -0.07871002584008684 0.07613016262567603 0.9939863832924681 5.4784594173680405
0.9961612094568512 0.036371134858705925 0.07962402478243154 -0.35128224421173 -0.03004674676244663 0.9964031350811384 -0.07923373908552907 -0.33611829067114685 -0.08221944893063228 0.07653713444838474 0.9936709864275869 5.582567563455699
0.9955376877586446 0.04136714020255799 0.08481433819604395 -0.34671931287618973 -0.034844703681389005 0.996422716198158 -0.07699102070789102 -0.3479523850757733 -0.08769583158581258 0.07369213225133751 0.9934177926566066 5.665165112518582
0.995292178087575 0.04411472105503575 0.08629815539121666 -0.3380171944837518 -0.037628329106063084 0.9964433607082006 -0.07539719987661751 -0.3676988874377715 -0.08931735042183012 0.0717949878945961 0.9934122460624487 5.820160948989443
0.9948078620481571 0.040023071843565426 0.09357067557402281 -0.37754127056410597 -0.033080473685881365 0.9966643152037122 -0.07460512757334549 -0.37475917248604973 -0.09624447967489844 0.07112240518797329 0.9928134787624442 5.984715932053029
0.993772247301941 0.04661201817736322 0.10121284628881314 -0.40635624614296356 -0.0389709223745632 0.996330430664324 -0.07620328169783804 -0.3893530557394997 -0.10439342748336954 0.07178434852861343 0.991942044478707 6.133180217606136
0.9931503903075599 0.051944153748241365 0.10466187043675686 -0.4034956188037896 -0.04394057455715824 0.9960330888177744 -0.07737772216673362 -0.3997761799790814 -0.10826600638948611 0.07224881224978347 0.9914931068791993 6.215756195659451
0.9919268036683361 0.060154465889027633 0.11163626829092928 -0.40717613864578395 -0.05145536795024056 0.9955271166306792 -0.07923449477413855 -0.4155020778171463 -0.11590324099620299 0.07285053388008517 0.9905853009407937 6.326375967667935
0.9916823845978833 0.05832399357065725 0.11473604425909961 -0.40596162764028676 -0.04938995221571027 0.9956323760080893 -0.07922628644975266 -0.42095925901109094 -0.11885571378097902 0.07290050492594914 0.9902317080780417 6.397509202842799
0.9909536015071236 0.05896845452245197 0.12055571753879948 -0.41347786982030177 -0.04955995860128983 0.9955936138766447 -0.0796063220572491 -0.43418937098045207 -0.12471876427987791 0.07291143517499528 0.9895095514734676 6.502379532660164
0.9905043564689395 0.059861045391056245 0.12376499933641273 -0.4223123919863627 -0.049981762967037206 0.995423851065364 -0.08144433743918675 -0.4477755253173025 -0.12807397544684584 0.07448497818279273 0.9889636215950262 6.616680769305418
0.9902477436460425 0.05944922982660427 0.12599680661407847 -0.42392357443161954 -0.049298918084458444 0.9953955157221792 -0.0822033086674734 -0.45753336788983856 -0.13030357968844825 0.07519013468003391 0.9886189461906821 6.721337473535608
0.9897770514192503 0.06217746445080741 0.12835634537600188 -0.4250914402183009 -0.051760346718419045 0.995207863380394 -0.08295887639922163 -0.47246557793933547 -0.13289941682115827 0.0754670231313046 0.9882522316839439 6.83924570532532
0.9897129027653263 0.06035395618919434 0.12971418608673757 -0.41931021134076246 -0.04969644091124377 0.9952353643626478 -0.08388583481556484 -0.4833684263941147 -0.1341589872523912 0.07657655969199569 0.9879966582155788 6.960232423693258
0.989440661171864 0.062302849743523236 0.13086455950187698 -0.4096715821665094 -0.05153103922000395 0.9951199809372078 -0.08414734420312332 -0.49973754492322936 -0.13546855729906768 0.07651521713599503 0.9878227024774946 7.0913047092269155
0.9894864191972348 0.06216622109379324 0.13058325765254755 -0.3975583851379941 -0.05144093478770222 0.9951403142249526 -0.08396180817747739 -0.5123962238682868 -0.1351682523834699 0.07636174408158686 0.9878757146465423 7.20557293770861
0.988932428681069 0.06130843471686769 0.13510709580007116 -0.40158178305654235 -0.05023577284855746 0.9952075019174949 -0.0838951443973327 -0.526348140864539 -0.13960307528586263 0.07617941952856262 0.9872728485130242 7.332682364347187
0.9888897825802725 0.060416196998453686 0.13581929556798972 -0.3960010626359934 -0.04910635455107345 0.9951586102720213 -0.08513463657152251 -0.5393943939537765 -0.14030525240006253 0.07751918176622473 0.9870690009352182 7.46688259130667
0.9889464920594142 0.060413134680307234 0.1354071231563462 -0.391039572078565 -0.04901083545333808 0.9950874751276417 -0.08601659637687481 -0.5551372950531162 -0.13993846451760408 0.0784293950135753 0.9870491660227773 7.592624840104691
0.9884401840726158 0.06150721411241607 0.13857440284057657 -0.39472669630818497 -0.04965352167317806 0.9949321616750701 -0.08743295402778398 -0.5693025103670016 -0.1432498875948749 0.0795415380584431 0.9864849788148592 7.7059147625112265
0.9882473497894869 0.06029737961438374 0.14046850766521954 -0.383838365379817 -0.04822631162441425 0.9949691776151295 -0.08780978569031526 -0.5863773562885534 -0.14505653553411477 0.08000350996995761 0.9861835731197954 7.8429401102390015
0.9885410840211473 0.060149197108156076 0.1384507106862906 -0.3660221990516158 -0.048055877216009096 0.9948633217413444 -0.08909323048795013 -0.6025941926929146 -0.1430984202124352 0.08141894829229461 0.9863537889579387 8.002318984971737
0.9885500003782096 0.06107910597472197 0.13797912728224587 -0.3489079541959794 -0.048754397948974605 0.9946564212243201 -0.09100336476121015 -0.6202882097980734 -0.14280022910652007 0.08323428698894182 0.986245480616549 8.16380881805935
0.9882718621929973 0.0630269232925571 0.13909109726312222 -0.3343507408519951 -0.05012273188105317 0.9942712424589083 -0.09440555157404554 -0.6328192874020856 -0.1442443695482265 0.08632672448027807 0.9857693738872906 8.326234119980112
0.9877969185252582 0.06432155707440226 0.14184493310488266 -0.32757256925047057 -0.0512725367868147 0.9942692369472211 -0.09380731011939467 -0.6533644184191113 -0.14706588565486228 0.08538982232043796 0.9854340178422071 8.460095367545367
0.9878498243537263 0.06467725232992783 0.14131375571883686 -0.3148115094676106 -0.051670914538534125 0.9942448356050607 -0.09384734126984187 -0.6649828876578588 -0.14657025999521123 0.08540526859461013 0.9855065189947854 8.564755270891949
0.9874908234368797 0.06675513521871226 0.14284826057703667 -0.3117096372593125 -0.053720063780358436 0.9941931996335881 -0.09324181760220668 -0.6798188241333087 -0.14824313938725062 0.08440162157364262 0.9853427514831337 8.68733392802455
0.9870850712857907 0.06677772527729896 0.14561523770373436 -0.31253183656279376 -0.05316940551683187 0.9940156086752054 -0.09542527981121104 -0.6895984734345088 -0.1511161022582048 0.08645059350201595 0.9847284999031143 8.778965806454291
0.9864760958018701 0.07061287014760759 0.14791462057895632 -0.31427280803870267 -0.056320463956382766 0.9935237871858833 -0.09868378608240388 -0.7050476334226332 -0.15392503939007887 0.08901857595657746 0.9840644162774237 8.892380724432758
0.9862669412610583 0.07052161899263616 0.14934598029479682 -0.3109285593402788 -0.05595229679620122 0.9934524129647795 -0.09960744780229722 -0.7184477642323486 -0.1553926029731989 0.089883282256018 0.9837551191796156 8.981551548201411
0.9862887294288711 0.07029575756325013 0.14930856864290196 -0.2977560344725014 -0.05588553856095708 0.9935555748206356 -0.09861098479676833 -0.7361348801122912 -0.1552782946239918 0.08891471313256002 0.9838611817767893 9.097210841315173
0.9857924778948656 0.07028666447374554 0.15255482726894187 -0.2993558130845969 -0.05600450672446219 0.9938063001046985 -0.09598194152422683 -0.7545113459961458 -0.15835619897071054 0.08607451811869489 0.9836231451008991 9.197016716273364
0.9854764882096056 0.07198457043790067 0.15379958649142791 -0.284260094873252 -0.057400468171601486 0.9936031774750899 -0.0972517967190636 -0.7668561423599757 -0.15981638664337364 0.08701119083357042 0.9833045180563245 9.300056158536272
0.9853469836063744 0.07339175214676256 0.15396419263792482 -0.265114727563605 -0.05851165290062164 0.9933606718933481 -0.0990503004055692 -0.7839306495410495 -0.16021144894375383 0.088590215331178 0.9830992144106919 9.416080996619971
0.9847773158057459 0.07452379384978906 0.1570345262184883 -0.25947356610283767 -0.05870990536301331 0.9929425090715699 -0.10304523613889957 -0.7911570303893932 -0.16360557840946927 0.09225712887842155 0.9822025437171369 9.527580058789301
0.9843516635148774 0.0769432777583816 0.15852928607450123 -0.24473144747703662 -0.06056544783623759 0.9925545154159883 -0.1056757325772049 -0.8036989488195109 -0.16547999596292753 0.09442068594926363 0.9816827924543553 9.626417435669401
0.9834065415863804 0.08293001443213155 0.16135112850985034 -0.23183321891153783 -0.06623693835999342 0.9921333387528396 -0.10622667335390883 -0.8195308147800286 -0.1688912133943333 0.09377660071377113 0.981163445709613 9.735375745462134
0.9824814002715383 0.08608242855478891 0.16528797177831203 -0.2221209575296041 -0.06923518383829512 0.9920462528290414 -0.10512241229507481 -0.8329109431257793 -0.17302250558628465 0.09183707171925658 0.9806269243798464 9.825250858758997
0.9822155510811352 0.08689018799230205 0.16644130029846932 -0.20380419088187088 -0.07002803843154493 0.9920418230502304 -0.10463792406487168 -0.8465352486624226 -0.1742087398720653 0.09112143847546625 0.9804836553468648 9.945700371752942
0.9819716767961222 0.08640083140220595 0.168126506842974 -0.1847886572050996 -0.06941096435520272 0.9921060130568766 -0.1044403029661912 -0.8659391046467425 -0.17582304740133983 0.09088759645516323 0.9802171702296947 10.068237001975294
0.9812474267086292 0.08851908146774395 0.17122458875348792 -0.16592311719678313 -0.07093748527818866 0.9918094465221162 -0.10621626510050468 -0.8832460183520562 -0.1792243308262049 0.09207819506050724 0.9794897882235929 10.186304844611426
0.9797786559884267 0.09227770031987331 0.17753481712945315 -0.14745164453389104 -0.07392685095120387 0.9914689138369345 -0.10735089009155163 -0.9025757954906709 -0.18592634557251758 0.09205552084848334 0.9782418796511237 10.301828050655779
0.978427903044652 0.1000485497939732 0.1807460268657897 -0.1138509012923827 -0.08100852549754971 0.9906436497691538 -0.10983067863199081 -0.9228788575689891 -0.19004330385561805 0.09281943145793159 0.9773781744051112 10.438004533459514
0.9770327867974562 0.10275884920465372 0.18667499145020075 -0.09538221672732737 -0.08273944150187591 0.9902513664120546 -0.11205541548277478 -0.9402367447103659 -0.19636985090067915 0.0940364303299251 0.9760102619481266 10.550362573383179
0.9762652866191752 0.10492696986889634 0.18946350872004922 -0.0751750494958678 -0.08449373741944742 0.9900074245674652 -0.11289866092292199 -0.9604072387772606 -0.1994163947103496 0.09421056360847838 0.975375553940788 10.660457025911926
0.9754136146619712 0.10620512780050481 0.1931029548218957 -0.056834699926273116 -0.08521043060409972 0.9898226978167154 -0.11397459981550319 -0.9789386904594396 -0.203242374637605 0.09471799045439377 0.97453632022411 10.768617142481688
0.9750466590101023 0.10775912505788318 0.1940927193894651 -0.03430946439404292 -0.08665531146009708 0.9896781101761395 -0.114140681765702 -0.9954667053155123 -0.2043890157248959 0.0944733253619516 0.9743202353672346 10.863933983021951
0.9725959592248353 0.11548489553256142 0.20179281207059108 -0.03972568868750547 -0.09241910408450517 0.9884341199682946 -0.12023601657873219 -0.9865037393132395 -0.21334434442876837 0.09829155297550816 0.9720200416215304 10.928278698144807
0.9720541050633272 0.11538643481405872 0.20444262640270455 -0.02673898208334108 -0.09207606398013966 0.9884821048512523 -0.12010464949685978 -0.9988705766323929 -0.21594632497789842 0.09792394523169132 0.9714824165566767 11.00160936302266
0.9719303481700278 0.11800258188825886 0.20353571915954763 0.00024651759697773973 -0.09465671713061971 0.9881435654748915 -0.12088176004932834 -1.0184008974482406 -0.21538687102082932 0.09822262813768681 0.9715764566484626 11.100591306919606
0.9715505283307576 0.12088133493400385 0.20365970088556964 0.027880699162301147 -0.09735611701837779 0.9877624683537055 -0.12184864624155473 -1.0387407189487525 -0.21589663586848792 0.09855459896102667 0.9714296853835076 11.216977002936451
0.9713727769635414 0.12043389867288917 0.20476963696941755 0.04896185480461748 -0.09648170755429375 0.9876789872539226 -0.12321322268520804 -1.0543155098183077 -0.2170857164383381 0.09992944604827544 0.9710241487887612 11.310072149474873
0.9720470531966359 0.12091925904530458 0.20125371838470896 0.0841751738108974 -0.09724769035763943 0.9875496345265504 -0.12364710294455933 -1.0793672667812098 -0.21369935210908314 0.10061934276476016 0.9717038307888602 11.429314739125314
0.9717510411528638 0.12234603350134779 0.20182012314140774 0.1089746778064607 -0.09834236162146784 0.9872726994444527 -0.1249855865385153 -1.0954584056066825 -0.21454298853385623 0.10160740631544199 0.9714150714564864 11.551293779465079
0.9716808331630501 0.12427459498420217 0.20097806722394937 0.1321134907138335 -0.1000473463742931 0.9869026332619144 -0.12654533157790726 -1.1101937586464101 -0.2140721536001916 0.10285435091532479 0.9713877163886537 11.67056206077847
0.97208038918773 0.12392713697259046 0.1992530593953565 0.15619752718329472 -0.09991357454406039 0.9869357664043453 -0.12639252594080494 -1.1279328822143817 -0.2123134347573445 0.10295561040392771 0.9717629071475685 11.769849358214884
0.9723268443958465 0.12305487404435513 0.19859004416421436 0.17940732307732793 -0.09932036913880887 0.9871251098599021 -0.1253773574382868 -1.149387065966511 -0.2114615140902653 0.10218373382297719 0.972030098608396 11.860814458905523
0.9720333562006707 0.12111367680245365 0.20120296152058 0.1892192947846115 -0.09705886004719416 0.9873436756204543 -0.1254274447584397 -1.1650148910313305 -0.21384745058008142 0.10239113000491319 0.9714861421434261 11.952927802658692
0.9724506332242283 0.11653632284820575 0.20188871042932888 0.20847891130619592 -0.09218764742732789 0.9877249437044049 -0.12609866472705514 -1.1834010152197452 -0.21410558984672337 0.10401308110593738 0.9712569563999204 12.035172383372494
0.9728155405380408 0.11210595342824432 0.20263804996501789 0.22835160250443517 -0.08747749569503749 0.9880789534481529 -0.1266793965083876 -1.1977290466007162 -0.2144239068634966 0.10550941644587405 0.9710253092513327 12.114418905648865
0.972754254198499 0.10596963194697359 0.20620280804040042 0.23898502297836832 -0.0812943826056595 0.9888607832165435 -0.12468189432764758 -1.2088260318020254 -0.21711836471263296 0.10452171315754898 0.9705332694880294 12.184663394426714
0.9733119441067669 0.09596501216124598 0.2084576117583598 0.24743457660986223 -0.07126424930658078 0.9898515030715277 -0.12294473814608253 -1.224333819436446 -0.21814047361706318 0.10480800688845855 0.9702731653829209 12.280596648433212
0.9731393884797974 0.09373582872712907 0.21026964831379166 0.2619505476616809 -0.06819566415015806 0.9897344117245794 -0.1255991466504505 -1.2409636987386803 -0.21988424677608479 0.10788599844762432 0.96954191727778 12.374654227782026
0.9728342211329098 0.09303056736414733 0.21198795184781336 0.2826394155585173 -0.06681254099044749 0.9895651232922622 -0.12765951249308252 -1.257699744946737 -0.22165212058341724 0.11002808868410159 0.9688984245737003 12.451684400733821
0.9715363190945456 0.0956616019519857 0.21671649358598072 0.292299506645474 -0.06842173484419842 0.989163918119881 -0.12989691794125663 -1.2705836138417987 -0.22679428317559672 0.11137145505787002 0.9675540047548565 12.536360982855232
0.970210566546751 0.09464823676655196 0.2230093447324946 0.2978450394353148 -0.0667577904201883 0.9893354927903801 -0.12945532095449652 -1.2843780647576413 -0.23288377783617323 0.11071130918835784 0.9661822561186645 12.625149003411195
0.9692976218649938 0.09141307558716022 0.22826688296501715 0.3084969542815622 -0.06361394644370806 0.989948456890926 -0.12631436385911626 -1.2971142561148923 -0.23751923304171757 0.10791525522822186 0.9653698315279501 12.715605119910304
0.9679331702049565 0.08818347919681206 0.23522128307984588 0.309291039038313 -0.05976369971224813 0.9903125405954839 -0.12533703417595435 -1.3028665933851484 -0.24399524219477678 0.10726017870610462 0.9638265278826099 12.807994573263786
0.9672274274610259 0.08299512019750828 0.23996440067336658 0.3277299148533371 -0.05435002579041432 0.9908393056113045 -0.12362663609550777 -1.3203318495055771 -0.24802656765699138 0.10653300183093932 0.9628777395169035 12.92938609725105
0.96624078502374 0.08009776823512857 0.24487362634726323 0.35145512900601295 -0.05091564901500642 0.9910662241796521 -0.12326936349178617 -1.33619385406478 -0.25255958117261773 0.10663998693755085 0.9616868363162053 13.02948942304216
0.9649484739561429 0.08011351641187417 0.24991251888978272 0.36902602498840825 -0.0505687375838323 0.99118110827958 -0.12248597213086425 -1.3506501856368742 -0.2575213493846463 0.10555489130205986 0.9604899372368885 13.121188218919045
0.9639784952701023 0.08120844665153984 0.25327978373576165 0.39316177869153984 -0.05121289903402429 0.9911018601051952 -0.12285903250699318 -1.368230524333148 -0.26100325597455865 0.1054622732946125 0.9595597997426799 13.229388169001243
0.9619329770920487 0.08357600524003948 0.2601922345707995 0.4076473668737761 -0.05250874416677856 0.9908729413706058 -0.12415170496450414 -1.3851693615906933 -0.2681935483356317 0.10576325168829831 0.9575418294902116 13.336542340335098
0.9599011019076179 0.08662841495292993 0.26661843949600483 0.42498365564714813 -0.05440955371686725 0.9905430094728217 -0.12595295490324152 -1.3984049293845349 -0.27500813628122556 0.10639578989447648 0.9555367396766374 13.438244413084828
0.9591839565429378 0.08461552139440535 0.26982652028625614 0.45721125787229944 -0.05252749195005346 0.9908897220135954 -0.12400976331425652 -1.419840481995919 -0.2778614764591765 0.1047748650534742 0.9548901651776258 13.567968306978372
0.9579063996674037 0.0864135548913184 0.2737663730396383 0.47709990911035377 -0.05361919763176062 0.9906946034000804 -0.12509670035330553 -1.4348260604939973 -0.28202891894548593 0.1051517965847639 0.9536261261906773 13.69377647733582
0.9571958475227582 0.08821035777986701 0.27567198309864066 0.49762559712716786 -0.05453634868730901 0.990334533419892 -0.12752763852538995 -1.4529622772830437 -0.28425674338007456 0.10703478264729685 0.9527547738776233 13.824378364248986
0.9550735630383417 0.09238871355482532 0.28160045240186005 0.49379099490974576 -0.057304164833603156 0.9898057027197773 -0.13038751303760931 -1.4702250063656903 -0.29077606826898766 0.10839278791088404 0.9506315172825569 13.96666831101571
0.9533459982320313 0.10066641717429867 0.28460091375163044 0.5057108757804506 -0.06462813076845401 0.9889638351834849 -0.13331818110276727 -1.4877152157815139 -0.2948806747963461 0.10870512937513424 0.949330597041509 14.091107115418193
0.9524273605884831 0.09989826262311338 0.2879278727864672 0.5162217886780113 -0.06319292379541995 0.988952375047993 -0.1340889789248972 -1.499388952050468 -0.2981422096661973 0.10951500815787171 0.9482181636119082 14.255874460400738
0.9515198244308365 0.1027058035378856 0.28993368489147375 0.5346994815382907 -0.0659912393302454 0.9888215150816612 -0.13370552585165651 -1.513109291006355 -0.30042499903764563 0.10809037529422741 0.9476609576858092 14.356777657035071
0.9497620772815861 0.10829524337903257 0.2936394674073015 0.5510746697737633 -0.07115028896655126 0.9883718298324885 -0.1343828946464401 -1.5307819395863231 -0.3047780059941068 0.10673924421250149 0.9464233200884272 14.469917404760007
0.9485287665148516 0.10220335076017976 0.2997459827707564 0.557957526524437 -0.0643432463367142 0.9889461265458342 -0.13358707063501873 -1.545028112400166 -0.3100856748459493 0.10742454972390714 0.94461994493656 14.592139852978198
0.9487012510608849 0.1010436764418593 0.2995932437265995 0.5863704482488837 -0.0633839927348362 0.9891032276397111 -0.13288067781923027 -1.5659743509353814 -0.30975539656397105 0.1070746493051491 0.9447680211436446 14.690811702339182
0.949113624169959 0.10068281611050668 0.29840626493930145 0.6249716437889284 -0.06224723440081826 0.988800945005556 -0.13563912770867934 -1.5897098428859189 -0.3087209261200416 0.11016197935848698 0.944751675351468 14.792620767042484
0.9480237575082007 0.10167453574890553 0.30151823158853563 0.6362542639396056 -0.06162818869523444 0.9883031515226185 -0.13949497140975206 -1.6055109493390218 -0.3121745049778693 0.11366252447798031 0.9432008847383024 14.906697296826534
0.9461801070808278 0.10795419420095666 0.30510505882226224 0.6601825957105955 -0.0671635283207713 0.9877016180839432 -0.14118985125662614 -1.6207055816029747 -0.3165947969061064 0.11309909632170087 0.9417942073421336 15.011038843292987
0.9448014101440259 0.11096090169817178 0.30828229544394814 0.6849607855722437 -0.07045730219248875 0.9877018404933746 -0.13957378999568532 -1.6421765100279346 -0.31997822419286165 0.11014877475638105 0.9410000974824886 15.110472607285104
0.9425522525702981 0.1128071375231405 0.3144356864264826 0.7031521839139245 -0.07278316335290276 0.9879933359908428 -0.1362783151129814 -1.6603591404100326 -0.3260335294214425 0.1055638089570645 0.9394458046803316 15.214770207410675
0.9417025564946966 0.11265371466076944 0.31702592270109975 0.7261264568290651 -0.07247564571446605 0.9880782998917201 -0.13582545439409272 -1.674056248044806 -0.32854767670708734 0.10493051918398409 0.9386405117371383 15.320375238267257
0.941273479242694 0.11219175560516294 0.3184607467939908 0.7621013139532509 -0.07180024672062016 0.9881189495775596 -0.13588843238701628 -1.6902455820591968 -0.3299226603996956 0.10504261735112061 0.9381455573069755 15.430116566212817
0.9414357186960092 0.10938946067568255 0.3189556919956329 0.8024570434696165 -0.06893245629133861 0.9883748390883518 -0.1355119696806148 -1.7077700554920223 -0.33007136203095877 0.10558940927081847 0.9380318611949542 15.536068809456502
0.9415693529047016 0.10654361856782946 0.31952403823984127 0.836694994720895 -0.06581874282663508 0.9885643302689529 -0.13567777272869908 -1.7226924351487711 -0.33032566773313854 0.10671936217187603 0.9378144437863423 15.625496845121594
0.9412114552614106 0.10393009309861224 0.3214335580383799 0.8594855078520139 -0.06261840342240015 0.9886842694113215 -0.13631709713544254 -1.7395241532064887 -0.3319637510896758 0.10817555716111588 0.9370688965040704 15.730050297178007
0.9416144578972975 0.0990466114434841 0.3217949369401941 0.8927059679187361 -0.057937758428312724 0.9891605717334958 -0.13492434723269492 -1.756700450214773 -0.3316706631993286 0.1084026387567653 0.9371464341731714 15.826114780157704
0.9423871348448896 0.09707133465312102 0.3201306671774878 0.9336643590869119 -0.05540403349311364 0.9890471524777703 -0.13680688304435062 -1.768463563316721 -0.3299043515195511 0.11118851633275072 0.9374434557263647 15.921317946140485
0.9423995127475475 0.09705181393725058 0.32010014649274426 0.9657667825929609 -0.054900906522144556 0.988883057433467 -0.13818896187499066 -1.7868110601550686 -0.32995310096471864 0.11265542211775727 0.937251144054377 16.02495853992974
0.9415483084762016 0.10356038101155482 0.3205651732336921 0.9946245478821581 -0.059844279317413165 0.9878593266957523 -0.14336182509021347 -1.8059911862163442 -0.33151990142159615 0.11579809214731916 0.9363147744302975 16.11677333414973
0.9402793246311368 0.11212132685319656 0.32140877358263553 1.017686789392878 -0.06637971115802645 0.9864659725376326 -0.1499287129670714 -1.8214394344777591 -0.3338690246455819 0.11963984741742216 0.9349961397204519 16.221149698528137
0.9393664940279159 0.12123681618877089 0.3207681784375026 1.0532706631625706 -0.07533612053900729 0.9855258393165861 -0.15186602313049813 -1.8348732929091016 -0.33453708141226357 0.11849242355421247 0.9349034638509031 16.308813007901087
0.9365973793902896 0.13149412541982133 0.32479939023852844 1.0737996732896546 -0.08581528950503423 0.9847678145232508 -0.15122198109491217 -1.8559415155221477 -0.3397367878320079 0.11376135749532432 0.9336151608314924 16.44889697973561
0.9358536563849876 0.13220188290251692 0.32665057169379064 1.114220325282718 -0.08684692722982632 0.9848961638629016 -0.14979037899304506 -1.8759294038155854 -0.3415194651283997 0.111813275442462 0.9332000034147252 16.563077732860656
0.9371868682750655 0.1303733252168511 0.32354840442301325 1.1548051782814233 -0.08535701699544865 0.9850435594441103 -0.14967753888716495 -1.8964116758607201 -0.3382232304003011 0.11265869726559553 0.9342981667262368 16.676083961664794
0.9372562629448082 0.12733591341756342 0.32455548481707835 1.1941922663458946 -0.08158243940882853 0.985172734313541 -0.15092709877715196 -1.919784497823061 -0.3389616543959489 0.11497934040208263 0.9337476897587842 16.815700332147053
0.9379125294552016 0.12923398622443794 0.3218985304338761 1.2476118986465714 -0.08239006593830099 0.9844460086432112 -0.15517065799027527 -1.9390704669734082 -0.3369450461508962 0.1190152631849973 0.9339718427251325 16.969016703610553
0.9385768962434418 0.13184887726437677 0.3188875717273297 1.2958651218881083 -0.08435986348184914 0.9837559910155512 -0.15845366380849807 -1.9632149863732695 -0.33459949681873885 0.1218196359588055 0.934453397994525 17.116713953546668
0.9392849576486411 0.13277630302088886 0.3164083148261085 1.33655652887043 -0.08531402636160144 0.9835118799236422 -0.15945500605198037 -1.9841285991400925 -0.3323631827398526 0.12277962129429319 0.9351255954971334 17.236314628681818
0.9392877444635241 0.1363565015042932 0.3148736851471355 1.3785853877593757 -0.0882723355578293 0.9827890798621427 -0.16227636697588133 -2.003404364777717 -0.33158185697621295 0.12462956712287196 0.9351582449633724 17.374463339170084
0.9393245465936184 0.13679196888832298 0.31457487727781375 1.4178572828586706 -0.08829216491002659 0.9825639074176976 -0.1636235357629481 -2.0271575651293317 -0.3314723062070136 0.12592110660141131 0.9350240559098376 17.507506186124523
0.9405329314461348 0.13851691188131993 0.3101787710147247 1.451189528462723 -0.08967611330395862 0.9819402742167902 -0.16658779239113586 -2.0477747375514683 -0.3276522540255719 0.12886567810677546 0.9359688228985229 17.62402594224941
0.9391843091041984 0.1398197419462776 0.31366108029933853 1.4686034616251489 -0.09016493952103699 0.9817165663010488 -0.1676390978598011 -2.07195535991859 -0.3313655341366079 0.12916277796701478 0.9346196336340297 17.7500061036092
0.9401067238298129 0.13962710306013895 0.3109720564632963 1.506227213541292 -0.09027683933053743 0.9816696070778039 -0.16785373043277893 -2.092233243004386 -0.32870874659866683 0.12972684622214792 0.9354792917423624 17.849926223695153
0.9402036621516382 0.1400848588534678 0.31047271377152336 1.5342557809318045 -0.0906827763292179 0.9815617914737192 -0.16826492087220676 -2.1123434142398954 -0.32831952082365634 0.13004876715643554 0.9355712748942323 17.944350846562852
0.9398683203694507 0.13964289403057556 0.311684780688238 1.5580629154348096 -0.08992419058966315 0.9815726020347798 -0.16860862042454366 -2.132057507453281 -0.3294862369093791 0.13044189925571914 0.9351062670123972 18.04333225546646
0.9389098978274781 0.14015366961141915 0.3143328691945051 1.5752393344589646 -0.08957481633833904 0.9813632203057491 -0.17000759426885836 -2.1491219297789623 -0.3323019049592546 0.13146550393766773 0.9339658801235027 18.147138369055508
0.9383176317013266 0.1392012054359867 0.31651705553347936 1.602230632509506 -0.08813549700750593 0.9814346461859438 -0.17034720259843733 -2.171806593977058 -0.33435334035366726 0.13194339570831576 0.9331660003039689 18.25525656460169
0.937466878616667 0.1408328182058917 0.3183111195244547 1.6367046247569597 -0.08952683004875737 0.9812840707342659 -0.1704890589586642 -2.1963873626090957 -0.3363640857733569 0.13133046043997576 0.9325296306083154 18.3692723516021
0.9345698474690745 0.14165666504896068 0.32636266552539256 1.6476743528442874 -0.08887661031773288 0.9811887803136906 -0.17137539358076917 -2.222296584615219 -0.3444998524528893 0.13115626799257463 0.9295794129745993 18.505036587182403
0.9354072354340627 0.13700045854714604 0.3259511899893556 1.6928151437184753 -0.08378969123424085 0.9815127122631858 -0.1720816181602113 -2.236963239472612 -0.3435004971473487 0.1336550411456213 0.9295933188421105 18.603737903299155
0.9346133157298431 0.1347695340617564 0.32914301260887624 1.7118755023890877 -0.08112090453302163 0.9818102981978839 -0.17166227657912617 -2.2663479068529355 -0.3462908443898193 0.1337374705957943 0.9285456047230141 18.760054421802536
