1.0 0.0 0.0 0.0 0.0 1.0 0.0 0.0 0.0 0.0 1.0 0.0
0.9999993041597539 0.0008733887336331582 0.0007930145825124636 -0.0185187030823866 -0.0008730216370699576 0.9999995116667129 -0.0004631409687882762 -0.0037780862497750712 -0.000793418697361261 0.00046244832762711973 0.9999995783140685 1.378143887214033
0.9999875092693138 -0.0010433114841791513 -0.004888026851526632 0.07190031749899713 0.0010516188268044717 0.9999980066892614 0.0016972670228285567 -0.08032059779313173 0.0048862463299936005 -0.001702386163786219 0.999986613149472 2.6854400266894585
0.9998420063682811 -0.005261174013548743 -0.016978879511014747 0.3463456373358061 0.005405973768970389 0.999949315571459 0.008493629128924915 -0.31535581219754405 0.016933332485355654 -0.008584074566875386 0.999819771716268 4.025540833904818
0.9996134404447612 0.00363580022196273 -0.027563574494869496 0.5510230705889334 -0.003811751975274873 0.9999726774332371 -0.006333635123799793 0.013993443213724255 0.027539793555276207 0.006436252306149776 0.9995999872084753 5.461873169871321
0.9995229694193485 0.0030062554016204316 -0.030737534572392918 0.5267858800902276 -0.0032851817175946862 0.9999538504925747 -0.009027982396713551 0.03714998207801347 0.030708975629467086 0.009124654159649925 0.9994867180219332 6.77427106684955
0.9995075546190378 0.008726999103238752 -0.03014113047188951 0.46232470005185455 -0.009060164914688766 0.9998991678199761 -0.010934697281478637 0.09966505810496645 0.030042664182625994 0.011202396153100659 0.999485840144441 8.156719615964622
0.9992518493927447 0.02280571492546848 -0.031235250149760994 0.4237243283021485 -0.023166845833441075 0.9996683245641333 -0.0112489162708035 0.17593878352912734 0.03096835060686077 0.011964122612053053 0.9994487585818566 9.54419131093712
0.9993584852244395 0.02614331937096807 -0.024477435776280653 0.19372147739874152 -0.02647917642109603 0.9995582180690903 -0.013498959463776716 0.14282112569808184 0.02411371447900245 0.01413844202208227 0.999609240269023 10.852109065259555
0.9989816955247137 0.03179177018484035 -0.03201336213337972 0.24785405692762066 -0.03256259682556649 0.9991850521491008 -0.02385181019909076 0.21403827836206368 0.03122898164436719 0.024869959998201508 0.9992028001337585 12.191736174685
0.9988654410582217 0.0349235796699548 -0.03237551918658537 0.20000508775253634 -0.03579862254208661 0.9989981563201694 -0.026854092667430572 0.16943865192827812 0.0314052429325718 0.02798262410743611 0.9991149500755198 13.57701541605874
0.9983991554229324 0.040585759599011784 -0.039394448448314176 0.30041206048312746 -0.04189667263783994 0.9985754426137139 -0.03304170441582025 0.19509617095805423 0.03799730612363645 0.03463930609287648 0.9986772868152909 15.090392011928323
0.9988719861168187 0.028070296609798484 -0.038299005199620956 0.18127075556132455 -0.029302002240834558 0.9990586642982046 -0.031987152973735195 0.04033097382656295 0.037365064107007635 0.03307330855727849 0.9987542281489247 16.364856281347173
0.9990471795104242 0.024318568475998222 -0.03624003779723892 0.06603502018519708 -0.025379988576279315 0.9992535988234265 -0.0291221808643871 -0.049502248352772116 0.03550477844086703 0.03001420439905635 0.9989186945102972 17.67210001948004
0.9990064080433462 0.019256699524888524 -0.040191743079151125 0.07133973032604893 -0.020370316481371154 0.9994146555943131 -0.02748447543157416 -0.119386109178088 0.03963895678219997 0.028275885604312868 0.9988139102948611 19.039497756735944
0.9989464308264717 0.016735105530615055 -0.04273130681284084 0.03780742738786982 -0.018085902659647542 0.9993425319640924 -0.03142298414508645 -0.17400124467972738 0.04217734538872399 0.03216271211318761 0.9985923249682449 20.430880747494676
0.9989762683791743 0.01501814562017073 -0.0426716594164331 -0.02214327664794278 -0.016476071826802753 0.9992852513964243 -0.03402242493918819 -0.24079355274004932 0.04213020617536494 0.03469065643247491 0.9985096915322882 21.824890913591396
0.9988448722294245 0.018762287031205832 -0.04423683766211281 -0.08381035471437018 -0.020447027227662073 0.999070623279329 -0.03794481226470633 -0.2925447909980552 0.04348379351593797 0.0388054929824531 0.9983002020513929 23.21022280389109
0.9988698189601961 0.021788488025658005 -0.04224152648735384 -0.17496716479096153 -0.023432593144948735 0.9989712279446484 -0.03882524072384009 -0.3448427922696582 0.041352126292723654 0.03977118967690805 0.9983527703786643 24.584563534571167
0.9986510950818465 0.023686055320857276 -0.04620563899749824 -0.1853236176043564 -0.025471326506362062 0.9989362531404149 -0.03843922069702568 -0.3914852471497554 0.04524601438619921 0.03956428876051802 0.998192098364357 26.030078169976147
0.9983823155932169 0.02113082669803273 -0.0527848470091998 -0.1546742403496309 -0.023386014219925713 0.9988236498573562 -0.04247835713082948 -0.4171848054524837 0.05182515074394247 0.0436440677376271 0.9977020342274947 27.44591564150634
0.9986828509575661 0.010817150735353422 -0.050155283403016386 -0.3017811539011656 -0.012802389742611796 0.9991402754949937 -0.03943106263677469 -0.5821698190529907 0.04968563192862219 0.04002123353615727 0.9979627442174871 28.79635279591344
0.9986502622399774 0.008694084589059296 -0.051206118981848764 -0.3878399562973109 -0.011001964669809943 0.9989280955968026 -0.0449623909589833 -0.6396142382699864 0.050760324087117815 0.045465071434041625 0.9976754566381134 30.182200694666008
0.9985809080001447 0.005238682737854241 -0.05299741862373817 -0.408433288903338 -0.007739508933887205 0.9988605209784881 -0.04709309537548391 -0.7172151810639948 0.0526903233912066 0.04743643993549967 0.9974835908360477 31.480621159630644
0.998320253223459 0.004402198225676838 -0.05776930547125901 -0.42305614057306096 -0.006960047118234636 0.9990006359006909 -0.044150732883226726 -0.8694082912594487 0.05751721262336827 0.04447864792005201 0.9973532073098488 32.932970642526975
0.9984348269489653 0.0007562867156268538 -0.05592248533277776 -0.497923926709579 -0.003201457198721932 0.9990418582582686 -0.043647635900112725 -0.9959239041353386 0.05583589353807942 0.04375835323989972 0.9974806060844172 34.19084121668292
0.9984261679052084 0.0006514430665620585 -0.05607818527781529 -0.5851525951267071 -0.0032143837661652787 0.9989534689108354 -0.045624934937064016 -1.0672909180346288 0.055989775665971145 0.04573338575853048 0.9973833778682777 35.6150319038177
0.9984629656893832 0.000771945188333634 -0.055417598715475185 -0.6506808568892277 -0.0032325572840136234 0.9990119173424868 -0.04432538303379245 -1.1727082954130048 0.05532862478110956 0.0444363939616287 0.9974788971058576 36.909870286617156
0.9984455420216063 0.00380695000593708 -0.05560581578247271 -0.7433601231529693 -0.0064013900083555115 0.9988952450601817 -0.04655439401516125 -1.2453997956459353 0.055367154732232075 0.046837981679511656 0.9973668741486488 38.34593495274072
0.9983442785868892 0.0028231716362521956 -0.05745198964994265 -0.8304403561023134 -0.005449679906715669 0.9989443937582397 -0.04561139296157724 -1.3377613409026783 0.05726257418016765 0.04584896815516524 0.9973058055167267 39.883132520129685
0.9994702822542854 0.011737282086785128 -0.03035442471462216 -1.4717043787134618 -0.013347711630255743 0.9984835824875277 -0.053407622088109126 -1.345544351212471 0.029681534407371424 0.053784493230725886 0.9981113338716967 40.90555901124335
0.9993993062677272 0.01328887966883534 -0.032006754111182714 -1.527651800377818 -0.014803841332842734 0.998758184579507 -0.047570316555997326 -1.5184873243032735 0.03133485141784657 0.04801556427444135 0.9983549632640828 42.406864896016636
0.9995396819295902 0.015089456451762247 -0.02631981291888449 -1.6584628129716206 -0.016410645588804666 0.9985777766891906 -0.05072587716175923 -1.553701787437751 0.025516954353005408 0.051134452245639915 0.9983657410158286 43.50250647782008
0.9998269280980019 0.008170530104375483 -0.01671395488588816 -1.872292928068854 -0.008999836474198242 0.9987006654665284 -0.0501595827350001 -1.622761374382241 0.01628240748635491 0.05030132438142298 0.9986013518776765 44.71358105956628
0.9997552028306986 0.009870586682035524 -0.019801664866933168 -1.862061934630029 -0.010858927428739989 0.9986679701351042 -0.050441739872115914 -1.7315971741680067 0.019277398892155455 0.05064441671873896 0.9985306830274028 46.18094406210145
0.9997110551395486 0.012572676075978789 -0.02048741194148887 -1.923557113352976 -0.013668266654171576 0.9984341332399693 -0.05424444734735606 -1.7909926633413653 0.01977333351871197 0.05450880110255726 0.9983174875178337 47.6336517371415
0.9995261326474196 0.014238715746156996 -0.02729045856694794 -1.8716670775273514 -0.015761791547065664 0.9982819932287165 -0.05643250767532815 -1.8495614245689875 0.02644004693870681 0.05683591267147274 0.9980333676529457 49.222317756017894
0.9995243867754523 0.014136944130514072 -0.027407062079103338 -1.9368185028925746 -0.015677038636897296 0.9982614582661662 -0.056818055227916546 -1.9724206229404677 0.02655618008551567 0.057220693380595114 0.9980082973344009 50.67527476379019
0.9991054553153842 0.0260096664115072 -0.03334346131106203 -1.9245921650887128 -0.028313003575033663 0.9971043460955347 -0.07057830279876703 -1.9358983091892394 0.03141119207544213 0.0714592208924534 0.9969488034808225 52.21444282646782
0.9983318922284171 0.03515654408421956 -0.04579792973141476 -1.7774561311647883 -0.039018315050560276 0.995500055554747 -0.08635514160204294 -1.8559676771231828 0.04255589324928467 0.08799804997014436 0.9952112032886323 53.95370246960028
0.998321420000247 0.03461970914998686 -0.04643078835279328 -1.8573840258415648 -0.038585270891265705 0.9954235169070871 -0.08742539023974642 -1.983895740916369 0.04319165705248211 0.08907018427450711 0.9950884297560524 55.37336181950877
0.9985770083235075 0.025620266626648604 -0.04677136288001758 -1.9207715933256497 -0.029265102321708248 0.9964461357423096 -0.07898514006012101 -2.249466586428224 0.04458152345731145 0.08024151358365851 0.9957779809094136 56.815184994550016
0.9986538583328755 0.019729237425581494 -0.04797112076517948 -1.9954902043703744 -0.02338237334742979 0.9967703824279869 -0.07682492649527706 -2.424017038342729 0.046300495175579055 0.07784318791627426 0.9958899046789899 58.262832957100805
0.9984399064153365 0.01914650238101394 -0.05245154643963173 -2.001752282370164 -0.023138920188926264 0.9967934852905845 -0.07659855125743689 -2.586208329513913 0.050816765440408855 0.07769272249587825 0.9956814235594398 59.779448916390905
0.9986089568269477 0.01812955052655399 -0.04951232919891195 -2.115522947055476 -0.021956536765476615 0.9967211405281027 -0.07787732993383246 -2.6888430911570222 0.04793810424143397 0.07885611848209292 0.9957327205328123 61.135924408590895
0.998963546073303 0.01569166951270991 -0.04272710058682349 -2.2889173063854327 -0.018779049395211637 0.9971665964645078 -0.07284316165022402 -2.902357011510471 0.04146300665008333 0.07357003740173293 0.9964277538669037 62.42840859923375
0.9987984171730868 0.017783078717233017 -0.04566709935910076 -2.31065318305545 -0.021340473169714894 0.9966753038834699 -0.07863156385119427 -2.980280801533942 0.04411695884158357 0.07951163902302912 0.9958572152685553 63.86091037730143
0.9988011935405493 0.020172268386314418 -0.04460106915899775 -2.3960749206032603 -0.023731919585776258 0.9964494833922869 -0.08077885267826992 -3.116677216591466 0.04281321962606245 0.08174048345461332 0.9957336599662867 65.26112611793754
0.9988298263436102 0.018205216537994447 -0.04480567036881709 -2.459761189082402 -0.02174793053072302 0.996565951821453 -0.07989575200116152 -3.287060101501079 0.043197286072451484 0.08077669070347597 0.9957957223823417 66.65639819627606
0.9983053616930345 0.018024456685838915 -0.05533103809003531 -2.2914032119907524 -0.022541998374585964 0.996365906940186 -0.08213913681394082 -3.3752185683282305 0.053649446634805004 0.08324721285688469 0.995083734379846 68.31068773000203
0.9981535884648942 0.022753177214422368 -0.05631790799830139 -2.357220776998332 -0.027492786237835905 0.9960128696513186 -0.08486760391235455 -3.4777987868107476 0.05416235352656601 0.08625923959549349 0.9947993682370685 69.76172594288454
0.9980830834123359 0.0242369487571138 -0.056944963965838334 -2.439396746697943 -0.02893580159556505 0.9961130171405297 -0.08319601233960118 -3.643327815576468 0.054707202379098915 0.08468428070270205 0.994904867115303 71.14783920706147
0.9980258474668925 0.03067626281471047 -0.05480305363494967 -2.598687111831771 -0.03541749473289995 0.9955127047811759 -0.0877499611744104 -3.720460001070607 0.05186529528342982 0.08951771622974058 0.994633887229957 72.55475354429021
0.9981552789381537 0.03423673721412144 -0.05013865726990657 -2.7856517861644723 -0.03839290800791487 0.9956899966033882 -0.08442402074432923 -3.9557980339240957 0.04703215647398865 0.0861932508313404 0.9951676741979375 73.86654258603514
0.9984510586989479 0.029822582003994607 -0.04696910671458949 -2.8865551063835357 -0.03335935089839057 0.9965182339972907 -0.07641049023895556 -4.200164518411717 0.044526813164536355 0.07785899378706684 0.9959695477251683 75.07351196246456
0.9980780251193296 0.030856061822790704 -0.053741596763479275 -2.8822258664426843 -0.03499675520647499 0.9963472144706486 -0.07789387229811906 -4.316891603233823 0.05114179209725013 0.07962494373854058 0.9955121221942586 76.71582171933937
0.998358662986201 0.022079596525138013 -0.05284384030039381 -2.961456980384965 -0.02569293898977437 0.9973060987077444 -0.06870530086102737 -4.527032924688554 0.051184498888571135 0.06995024587250344 0.9962364730202878 78.03413336520453
0.9985053243700543 0.014844577793941886 -0.052599959265890166 -3.0589837940940177 -0.01813437567206785 0.9978721153365674 -0.06262895378901377 -4.7209743698705875 0.051558332242596844 0.06348921123971953 0.9966498173543809 79.41158263197886
0.998223000985867 0.014501122561240547 -0.05779755831550792 -3.0583661848079062 -0.018649910507929305 0.9972373903281091 -0.07190109991944714 -4.674514949389361 0.05659523955967387 0.07285125102593633 0.9957357451066722 80.94714356101919
0.9982702041577284 0.01036887418688755 -0.057871287690743706 -3.2191002343449817 -0.014539030892861167 0.997290711030608 -0.07211001506557885 -4.775890117950403 0.056966797975529074 0.07282667190087772 0.9957163550872596 82.45305394796534
0.9983368922185712 0.008830666492660823 -0.056969017585536894 -3.369647361252569 -0.012957190701894505 0.9972859163891089 -0.0724769769033382 -4.908235525162918 0.05617437889714974 0.07309459830403127 0.9957417430510244 83.91911826052393
0.9983559576322271 0.0065967962597286 -0.0569373703234313 -3.4882816380471566 -0.010582426938678209 0.9974918906102398 -0.06998528707445444 -5.081961091284055 0.05633288649028604 0.07047276385891152 0.9959217817950158 85.3390679296493
0.998322112360737 0.007090746633036166 -0.05746895930659765 -3.5942904265943505 -0.011054249086271053 0.9975591386388544 -0.06894612748546915 -5.220905694145162 0.05683980602303248 0.0694657198212902 0.9959637293701887 86.74889385089578
0.9983270976964158 0.004878806692577855 -0.057612526852317096 -3.6837846139807415 -0.008679593611275328 0.9977880313063922 -0.065906822381709 -5.397718505630095 0.057163543100437794 0.06629662002672158 0.9961611754697316 88.12910985477265
0.9982140782259357 0.0032738188766708743 -0.059648437879879335 -3.7770275334974914 -0.007151841647887637 0.9978649921568107 -0.06491770628209814 -5.536322096125093 0.05930855918491537 0.06522836451918744 0.9961062971739321 89.6126586816823
0.9984052235475687 0.002265171611356581 -0.05640814294498544 -3.9790949790654806 -0.006135355318673848 0.9976300471657437 -0.06853208305010755 -5.603081505362852 0.05611922137774565 0.06876887369765725 0.9960529478909802 91.00908129016952
0.9983252367918607 0.0010221135909657178 -0.05784182628759409 -4.069103925079174 -0.005076253145748501 0.9975350098738548 -0.06998668251864693 -5.719728000555939 0.057627712417528086 0.07016309115035328 0.9958695634478193 92.45823504434568
0.9982789324412511 0.0018472901954337453 -0.058615361151252814 -4.167539406455753 -0.006302474213423532 0.9970944793765716 -0.07591362206844236 -5.7648754015994506 0.058304818520831275 0.0761523913983996 0.9953900549139308 93.84199879294107
0.9984650971509065 -0.0005634561737799898 -0.05538169633166561 -4.314873084673101 -0.003523420127515089 0.9972764973925916 -0.07366935087922838 -5.93128165708443 0.055272373587874936 0.07375140856622397 0.9957437895625866 95.12770992256145
0.9982109981198894 -0.002538139011549597 -0.05973576050284943 -4.344645138445703 -0.001984323202622234 0.9971417890839337 -0.07552691522839254 -6.0414109308827 0.059756720910063905 0.07551033249064214 0.9953528640603944 96.63599967525163
0.9981723472109959 -0.0019278426026708585 -0.060400734152758075 -4.431360847633805 -0.0027081253940488188 0.9970599374465965 -0.07657771997021505 -6.182598452711107 0.06037078200705155 0.07660133524871422 0.9952324372316105 97.96825561635634
0.9979028962790983 -0.004705031013784543 -0.06455751142158778 -4.487315262074487 -0.00017656302273605018 0.997153126909657 -0.07540298614637271 -6.34532736866972 0.06472849776789288 0.07525625673291499 0.9950611626424086 99.46913801909052
0.99793913219334 -0.0035062706034275385 -0.06407179179374697 -4.583215047345172 -0.0013579711643506788 0.9971283629979556 -0.07571778931883605 -6.47835005045349 0.06415328792449002 0.0756487526101416 0.9950686518411719 100.83245604522634
0.9978758215635726 -0.002262318074937091 -0.06510550403579443 -4.674377474569034 -0.0026162002388058843 0.9971988876154182 -0.07474980959762116 -6.620020717798688 0.06509224404748626 0.07476135669915293 0.9950747405644285 102.16273353147754
0.9977087696750568 -0.002881471372886059 -0.06759369819897348 -4.746625807475216 -0.0020387947555905728 0.997358321613387 -0.07261006558646053 -6.756443511427723 0.0676243612127409 0.07258150887969184 0.9950672692533485 103.59115547064866
0.9976341711233231 0.00013339456418288748 -0.06874622035408717 -4.809716339604172 -0.0055827323203733546 0.9968525264981164 -0.07908143596419576 -6.829623445233037 0.06851929441348277 0.07927813456565691 0.9944948887112837 104.96698941219083
0.9973147655634276 -0.0020249082421019385 -0.07320627115062509 -4.874080523206707 -0.0037517759092162025 0.9968923810513789 -0.0786861155429423 -6.998416631111999 0.07313810611914154 0.07874947840031275 0.9942078942982621 106.39097462125802
0.9972993028658935 -0.0054563180896998985 -0.0732415803769211 -4.987016238640239 -0.0004454286470593065 0.9967688650548393 -0.08032204710168782 -7.14059412699317 0.07344318958572928 0.0801377454773305 0.9940744638372346 107.74210852138525
0.9970268989354472 -0.00825123515902568 -0.07661122579308112 -5.085079311114023 0.002132452214369241 0.9968239139357957 -0.07960865061833877 -7.278017246093754 0.07702477164342289 0.07920859627634974 0.9938778510607876 109.2019584811291
0.9969567912569124 -0.011842466095468983 -0.07705136185364214 -5.16562793737398 0.005664036477562805 0.9967855480587801 -0.07991551709108968 -7.384440529501622 0.07775008075561131 0.07923589576658477 0.9938191977238934 110.59124328931719
0.9971275566083235 -0.009313335673704326 -0.07516580093996085 -5.309666104633622 0.0032279743403984644 0.9967349912922548 -0.08067798531993943 -7.523974727359631 0.07567176510413019 0.08020360909744371 0.9939019896618428 111.91967802889137
0.9973647015485732 -0.010812952208853577 -0.07174072880489066 -5.456425708090427 0.0050952614740973744 0.9968291280178728 -0.07940861317033342 -7.696369054753019 0.07237188967712817 0.07883381000341251 0.9942572805792812 113.1627799062943
0.9974614096964802 -0.010072136768700883 -0.07049317858648074 -5.560816861042575 0.004442655652798278 0.9968198494906961 -0.07956412804834916 -7.833959624378185 0.07107038044828208 0.07904897040604672 0.9943340793217743 114.4204533007359
0.9976566194457869 -0.0037924215355204386 -0.06831461933512825 -5.678104997720767 -0.0021373658443653814 0.9962478616835071 -0.08651953396941334 -7.9039170543767305 0.06838641197821324 0.08646279910998762 0.9939051680250044 115.75107400400861
0.9979472815140331 0.0019166663539861796 -0.06401210595536462 -5.826304636034773 -0.0075275899516147 0.9961335758301282 -0.08752847818510363 -8.029858870556213 0.06359684511258157 0.08783066374545595 0.9941032219029164 117.00170619351705
0.9980424469743859 0.006315080632813113 -0.062220525503915505 -5.920442506619441 -0.011847471409004263 0.9959653971078766 -0.08895260077681902 -8.140575759006522 0.06140774754536411 0.08951562724099313 0.994090559768604 118.36420423676374
0.9983737931891138 0.005571369811114287 -0.05673384273615384 -6.071328572334913 -0.010472645799255689 0.9961999578317812 -0.08646367853566234 -8.294019168080805 0.056036530613040064 0.08691722415253993 0.9946382776579993 119.65836647305223
0.9982192790733828 0.008053708155187191 -0.05910506468289539 -6.1241078661715225 -0.013561371541004643 0.9955378286127665 -0.09338372986180433 -8.367142752381621 0.0580892424476772 0.09401898524195385 0.9938742728966922 121.05934233059051
0.9982940733048923 0.00898148274609805 -0.057691213993205225 -6.214743809405883 -0.014526820299762976 0.9952334136197906 -0.09643352065892383 -8.501784449745902 0.056550107836384075 0.09710708204028316 0.9936660907575118 122.41390526088901
0.9981489462735088 0.00889759227904437 -0.06016239610190122 -6.255516845878766 -0.014795301172005922 0.9950461215842219 -0.09830724786822771 -8.65519940425557 0.05898966109680431 0.09901539664027742 0.9933358803103073 123.80807807272154
0.9982602853849754 0.011007515945156265 -0.057924409499164824 -6.335344321987759 -0.016433317139071955 0.995432327177061 -0.09404481962694504 -8.900421693357384 0.05662462989650801 0.09483309867116606 0.9938814490096435 124.99218807309843
0.9981107043570444 0.011164767502998706 -0.060418290396957966 -6.399218861300167 -0.016940855739095095 0.9952418707630379 -0.09595116511493187 -9.04229026952174 0.059059539912823145 0.09679342253836147 0.9935507053485474 126.25397847289437
0.9983392420473417 0.012434090385980158 -0.05625078830216573 -6.458994517430093 -0.017498385117232812 0.9957468812070269 -0.09045416012967661 -9.298728430427023 0.054886831814478176 0.09128823562074957 0.9943107631573842 127.26064846624506
0.9983834502274356 0.010460314629405283 -0.05586652065251593 -6.536237385127591 -0.0157423465580643 0.9953564858857483 -0.09496127910899639 -9.397437618847624 0.05461377881826124 0.09568723960395559 0.9939121124828721 128.66505838225038
0.9983531630144614 0.007688614806585818 -0.05684933685962627 -6.590400662782282 -0.01287767519709227 0.9957233904834029 -0.0914827586256136 -9.584927379376824 0.05590283875208423 0.0920641887304183 0.9941826078607836 129.8949796096718
0.998380879404111 0.009104364110226488 -0.05614917803873456 -6.679222544292891 -0.014083340236548381 0.9959386213397161 -0.08892649802912748 -9.769592492055446 0.05511151574815136 0.08957328328297033 0.9944542964630655 131.24105117929244
0.9984778220222479 0.008825631673335178 -0.05444398180954502 -6.782084515741858 -0.013749854431566105 0.995779193657778 -0.09074546259385888 -9.886623370345044 0.05341329827694797 0.09135592867367372 0.9943847916492634 132.61294701080124
0.9984638928112202 0.011315429423939538 -0.05423850854530608 -6.838324828415993 -0.01615389390239872 0.9958453420086685 -0.08961644107765696 -10.081401436033259 0.05299911757810184 0.09035494373074998 0.9944984050662706 133.90162217271205
0.9986849423997104 0.009405189478065729 -0.05039770069131722 -6.990536496754411 -0.01385786188075195 0.9959581160937526 -0.0887433977886475 -10.231229006372757 0.0493593505648518 0.08932509948419783 0.9947787096203632 135.2194947276911
0.9988123723378151 0.005398665843166721 -0.04842209487437271 -7.126305542008511 -0.00946543253406113 0.996407793521813 -0.0841541121748212 -10.516381928913141 0.04779383278051769 0.08451250449550708 0.9952755327707224 136.47706420427875
0.998439564393091 0.005184820069069984 -0.055601743636227885 -7.076897745681324 -0.01019869723281088 0.9958647266787213 -0.09027420856405481 -10.593284238719699 0.05490375970087039 0.09070040682358824 0.9943636223096384 138.04724078987476
0.9985661363475355 0.008872100142745656 -0.0527916392908419 -7.225949737503375 -0.013748021375293218 0.9955965363786173 -0.09272825167748189 -10.7066886461016 0.05173647889276747 0.09332107259325234 0.994290960514991 139.4303756282841
0.9985417254424808 0.009826735037546316 -0.05308349864936569 -7.289501100528823 -0.014748026908478831 0.9955449043866216 -0.09312807875252797 -10.874905312307929 0.051931861632933576 0.09377514931116969 0.994238051534443 140.70954829262652
0.9982414384727656 0.008047395057374165 -0.058730485683470564 -7.2881142935595555 -0.013514023182714 0.9955476983703859 -0.093285322783608 -11.044164439394923 0.057718296000859946 0.0939149599489637 0.9939057191728708 142.09481510665287
0.9980657934774796 0.010163446339813883 -0.06133005991085079 -7.362872489626432 -0.015845552931256633 0.9955506954307392 -0.09288558165653173 -11.229940819917568 0.06011314617014812 0.09367773046923823 0.993786140209079 143.4138244555408
0.997756272379189 0.009496402145342007 -0.06627397131816752 -7.38868752427441 -0.015727007905384685 0.9954352600103621 -0.09413450138203783 -11.413351851410283 0.06507750879014454 0.09496558047205789 0.9933511244143602 144.90274814127093
0.9973251311568664 0.00685257914787752 -0.07277104452983536 -7.361081321024429 -0.013803471981585045 0.9953386260305417 -0.09544885380603184 -11.600756890081378 0.07177776065185393 0.09619803371511168 0.9927708151356746 146.23666584837136
0.9970357948031819 -0.0019464742856919305 -0.0769144662533926 -7.3980911176397655 -0.005674279887029205 0.9950972726669876 -0.09873814095112932 -11.738899414143457 0.07672956684976663 0.09888189504948124 0.9921365553201187 147.7004010977938
0.9968609498159492 -0.010960260205340156 -0.07840994470267557 -7.502024903074535 0.0032789639047197863 0.9952370964724936 -0.09742879554172051 -11.899497331149835 0.07910433065108997 0.0968658582846925 0.9921489355792371 149.0539551105422
0.9964772310865878 -0.015860972440508356 -0.08235021238132967 -7.573567576538795 0.008028030027218809 0.9954838445868743 -0.09459104556149006 -12.080809149373174 0.08347861199068159 0.09359671318895396 0.9921043174083733 150.35886175768775
0.9965406173083924 -0.01816889405400549 -0.08109678997015946 -7.738282279945959 0.009943149265038134 0.9948666154966721 -0.10070526874442956 -12.201483855065698 0.08251019232375495 0.09955053319319286 0.9916056471721248 151.7815785796749
0.9964820114017621 -0.01603722247315685 -0.08225818164806915 -7.814283142984891 0.0069072579812722475 0.993896836081171 -0.11009708903970147 -12.277603267757916 0.08352179799238307 0.10914159025404725 0.9905110915769383 153.23731734387235
0.9964303471505106 -0.011269769758252716 -0.08366334661672702 -7.886864754349447 0.0012863295910234592 0.9929609246496109 -0.11843541478447495 -12.366218501041432 0.0844091738716706 0.11790502283017215 0.9894308954938285 154.6508829866758
0.9958027810714855 -0.010687460883128696 -0.09089884152269477 -7.840645169620435 -0.00010488449175337749 0.9930249628705373 -0.11790424977586399 -12.585064228804928 0.09152491578548323 0.11741891370574677 0.9888558987509874 156.0480198476017
0.9955288578359812 -0.013281276415181885 -0.09351952155871567 -7.896553229890819 0.0020998216180068696 0.9929327815178804 -0.11865952189493949 -12.74073362580241 0.09443454857709717 0.1179326039903583 0.9885211262037316 157.4609926324357
0.9952664235555242 -0.019827457165754667 -0.09513999203982014 -7.992851791400843 0.008922228358175315 0.9934742739289231 -0.11370690780476701 -12.974284089362184 0.09677365335731353 0.11231980672943417 0.988948492608256 158.8337758567171
0.9950666942277202 -0.022768967569637567 -0.09656007536518589 -8.096960973748843 0.011689016110394074 0.9934353751661518 -0.11379596772670014 -13.152573160855841 0.09851721139521034 0.11210588514568755 0.9888006015241971 160.2156787120218
0.9950070355663144 -0.024008460746214027 -0.09687410895659054 -8.21079613826184 0.012627241454692155 0.9931186237790833 -0.11643002995955341 -13.330422296378073 0.09900278757075887 0.11462544619644964 0.9884631784429224 161.6306270145315
0.9949165274321125 -0.027035862694366565 -0.09700600791084342 -8.348069910707704 0.015949784905846646 0.9934341292880037 -0.11328828327431399 -13.566144193522526 0.09943192547609903 0.11116516043327342 0.9888152503384848 162.96042915633242
0.9951167210820607 -0.02275079447195934 -0.09604745063656617 -8.480292658357394 0.011419509250249803 0.9930761006558437 -0.11691643646068689 -13.72769629942377 0.09804236957240699 0.11524868614035093 0.9884864359775256 164.32183793707915
0.9950892319833746 -0.02060927601270745 -0.09681259284292675 -8.584376338881828 0.008898357531400143 0.9927493923797186 -0.11987269565226455 -13.922782533431647 0.09858113219060564 0.1184225555877308 0.9880576191215213 165.7256041553757
0.9955032179430268 -0.013960496555794198 -0.09369337010159821 -8.783850296932366 0.0019721221217941865 0.9919207043935716 -0.12684410482830863 -14.031448092608434 0.09470720035676354 0.12608893976584132 0.9874877849722042 167.02469220595754
0.9959383342893128 -0.0076959905863247715 -0.08970845011438539 -8.988948781020024 -0.004097810564603495 0.9914335637368956 -0.13054767958310637 -14.168164226928317 0.089944662107357 0.13038504678394716 0.987375155315112 168.33509236846086
0.9960456401754871 -0.0063078160600112485 -0.08861881371333147 -9.150711826410978 -0.005213751856070025 0.9916071141328257 -0.12918261490135047 -14.390403360217288 0.08868990629710032 0.12913381686344003 0.9876530554113077 169.6614539752373
0.9957105865461631 -0.001972974269172341 -0.09250154167596328 -9.214784337046902 -0.010595006483292051 0.9907644757080012 -0.13517950847915744 -14.575277737156005 0.09191394713271654 0.1355797221105756 0.9864937735611431 171.10423743988426
0.9958049010033823 0.00043958513605542624 -0.09150085192255387 -9.380078746507293 -0.01311158482708918 0.9903543936851377 -0.1379357141999985 -14.786343184928004 0.09055763623774114 0.13855678140549424 0.986205522619694 172.41216942427025
0.9960001751618077 0.006380320949251182 -0.08912318767994144 -9.581649175090575 -0.01889189187902712 0.9899347623618359 -0.14025784359116955 -14.9963917131534 0.08733125155911084 0.1413805424101864 0.9860957330446785 173.72527662325993
0.9960669382095073 0.005384474417104676 -0.08844016079355779 -9.72019059249256 -0.016799518812544014 0.9915231095632636 -0.128839820589994 -15.355732073631625 0.08699672852243252 0.12981883775957376 0.9877138444859161 175.02246636263342
0.99624724658018 0.005288852943691227 -0.08639127106341003 -9.97336944748528 -0.01693588193320463 0.990748770002142 -0.13464787648673143 -15.374150387029003 0.08487991272707676 0.13560568857456418 0.9871203055563507 176.57186182863532
0.995979872079503 0.006469572464357303 -0.08934337717272282 -10.092024630466911 -0.018435400130464966 0.9908416697995054 -0.13376442505747235 -15.581158385171467 0.08765974238228554 0.13487375586471614 0.9869776286950062 178.02954511362145
0.9959365057544605 0.004927597016221612 -0.08992327448021194 -10.240194046663948 -0.01712618912274912 0.9906437616014847 -0.13539435455805027 -15.773669502887639 0.08841476206906669 0.1363842233827104 0.9867026773352583 179.46235138749563
0.9958207056402723 0.005352162238222174 -0.09117278419291737 -10.365711644006478 -0.018074791852254576 0.9900855874997158 -0.13929763574748555 -15.94409860607021 0.0895233160557083 0.14036339902096054 0.9860444676066459 180.80410107386345
0.9957305522980795 0.003445128914251001 -0.09224314775054113 -10.51231885137482 -0.01648787379736053 0.9898708021164152 -0.1410104433545456 -16.204551063862624 0.09082299949795929 0.1419293000200013 0.9857014033458751 182.2011947979581
0.9954750403365467 0.005404841459467001 -0.09486955125724639 -10.632301488824693 -0.019481638806522504 0.9887819177251236 -0.14809046197928338 -16.396587021514485 0.09300489135720501 0.14926857294361584 0.9844130146005854 183.5480594161665
0.9952968743272407 0.009234072953975783 -0.0964306167724129 -10.773753314154051 -0.023486280899963418 0.9887489078925953 -0.14772945458061637 -16.641004092165897 0.09398152246008444 0.14929946094302946 0.984315571551221 184.9402567846341
0.9952982733223736 0.012787343406089419 -0.09600953582909706 -10.923288605471093 -0.02688512065413224 0.988768589976483 -0.14701654928384295 -16.878668456935227 0.09305126226396242 0.14890654560673536 0.9844634595893105 186.32095203998634
0.9953698659350493 0.013839289003860597 -0.09511731739442468 -11.092540635523038 -0.02760510684752647 0.9890502998318803 -0.14497400621629558 -17.107737111067795 0.09206947411808535 0.14692848084130467 0.9848528993983248 187.7990732872294
0.9953821517227145 0.013529485613211574 -0.09503328391097118 -11.253818829845798 -0.027173185250673235 0.9892366066496849 -0.14377953285341946 -17.33484954331501 0.09206514017365092 0.14569793781401635 0.9850361013087543 189.20097606941377
0.995640270530581 0.014474686449668534 -0.0921462704073104 -11.484987182095914 -0.028698138848038724 0.9875034317863274 -0.15496254075383395 -17.33943879340698 0.08875172406467446 0.15693137246073172 0.9836135805351309 190.7021745691905
0.9959394644985644 0.009630441837531246 -0.08950886908194226 -11.64994641997433 -0.02288975528770974 0.9886753653364116 -0.1483141297374594 -17.655040851537443 0.0870668832403179 0.14976073105766163 0.9848812523730426 192.01856775673303
0.9961292844108268 0.007209847174311714 -0.08760403439852908 -11.830648719218875 -0.020264145091867497 0.988621106726911 -0.14905593499673755 -17.876758980640837 0.08553252692906582 0.15025420272917203 0.9849405369865488 193.38554040816052
0.9963315829085071 0.0023345201882791103 -0.08554488245664153 -11.995390267264474 -0.015094444694261225 0.9887490419854983 -0.1488203269453782 -18.120565072548292 0.08423499651808633 0.14956564441156942 0.9851571363865522 194.7313476186245
0.9962703887966868 0.001273773176274678 -0.08627682138787794 -12.11365093504455 -0.014274169862077492 0.988547352981436 -0.1502344134615729 -18.35150099336058 0.08509735884061839 0.1509056275136545 0.9848786377534356 196.22045051599224
0.9961490299645998 -0.0029065110420244157 -0.0876279766635722 -12.214502171859348 -0.010229907941198433 0.9887708304271244 -0.149089214499129 -18.59915658839836 0.08707731670247766 0.14941150253583368 0.9849333702468827 197.6686544637338
0.9959359386188974 -0.004011275631169229 -0.08997508452404399 -12.286071386855985 -0.009748164741898201 0.9883378378656543 -0.15196477067796543 -18.816656154283024 0.08953535308169012 0.1522242684687719 0.984282069651625 199.16485446831246
0.9958199656477825 -0.004528684181829928 -0.0912254736180225 -12.41529677822879 -0.009790803538072759 0.9877227432259059 -0.15590998261935743 -19.076945614828904 0.09081154212615361 0.15615144422601693 0.9835496887716457 200.58829574751425
0.9957043500912373 0.0012150329920591555 -0.09258169853819244 -12.534636648278225 -0.01618249054076228 0.9868070648330126 -0.16108986248535528 -19.330478419488106 0.09116454469412272 0.16189607929310987 0.9825877494148981 202.04809121558765
0.9958361854672094 0.008731307589688054 -0.09074169924512737 -12.70337263407274 -0.02328503498562136 0.9867459849674467 -0.16059317636917225 -19.602827166955684 0.08813681897956893 0.16203741980911726 0.9828406664977639 203.46480616201308
0.995536895060522 0.01776903859710507 -0.09268522989447303 -12.83655343527435 -0.0324379876802177 0.9867047154812195 -0.15925319903343216 -19.854860929439383 0.0886231771520001 0.16154895763965388 0.9828773406468523 205.000239432646
0.9957697471264022 0.01862391480799388 -0.08997644416761301 -13.029409742984695 -0.032708845694209995 0.9869444533100433 -0.15770471614346332 -20.115024967044747 0.08586467330151193 0.15998061094321003 0.9833785954560248 206.44653796954088
0.9962801400742494 0.01575177562591153 -0.0847216858795142 -13.284639865603756 -0.02878990531267061 0.9875022243849187 -0.15495321289642036 -20.38971199359134 0.08122206501760233 0.15681593796380203 0.9842823465626169 207.8281926757552
0.9962756342309522 0.013409478326468336 -0.08517656091160303 -13.42750906407014 -0.026607532116288794 0.9874358904472242 -0.15576392872349054 -20.640148390971902 0.08201768024271797 0.15745014495931123 0.9841151111429481 209.2917879610796
0.9963634970036991 0.013289691365103736 -0.08416154669433297 -13.593312104372028 -0.026353945563156393 0.987392723099662 -0.1560803636691272 -20.899066348963306 0.08102623890948114 0.15773076577907452 0.9841523023063719 210.71170132365936
0.9964063748007378 0.018796212676510157 -0.08258957952110871 -13.785299938327547 -0.03240293878856425 0.9854844379510723 -0.16664474823444714 -21.023469278992298 0.07825845522573727 0.1687220345576632 0.9825520287701848 212.152662522233
0.996511045972233 0.019604300206023027 -0.08112586929432994 -13.927415491924696 -0.03277423844897229 0.9858578677658619 -0.16434753986061576 -21.319137348858053 0.07675665801361149 0.16643297743409832 0.9830607709968924 213.5331644673194
0.9966027735873467 0.02474078854795635 -0.07855447192894434 -14.094583997238782 -0.03769122056172159 0.985078311169646 -0.16792883241338866 -21.548177343370263 0.07322761480874325 0.17031915407605158 0.9826642876304413 214.93259538509693
0.9963844855873313 0.024674871352310196 -0.08129641815368167 -14.190612041219026 -0.038203447918450484 0.9848206381546275 -0.1693186558883935 -21.823581258798672 0.07588447435420231 0.1718122853245864 0.9822026701060894 216.37782240212613
0.9963170372474643 0.025342466367684044 -0.08191532633664789 -14.331321991204076 -0.03910730064022874 0.9844806419321872 -0.17108034573679456 -22.09494560318416 0.0763084551479815 0.1736537504898451 0.9818459118485657 217.8251633466647
0.9963787392887986 0.02316108175102175 -0.08181058724510469 -14.461314569243497 -0.03691951437012924 0.9845962757172139 -0.17090091662265477 -22.385935759948946 0.0765921494145467 0.17330244699920555 0.9818858917980997 219.279562038019
0.9963259881084477 0.02271391768427464 -0.0825748349266244 -14.590119749436264 -0.036636415274038436 0.9845506837383369 -0.1712241928765884 -22.645831726527568 0.07740993796403346 0.17362035909939572 0.9817655893392289 220.70553998238313
0.9966010674361185 0.022214565335118588 -0.07932733118013484 -14.81669285366359 -0.035815477274083 0.9840247149438968 -0.17439212128766035 -22.861214747444855 0.07418600927951793 0.17664052045482753 0.9814757065565243 222.14694304537736
0.9968509047399308 0.02093749475530724 -0.07648460650716064 -15.036656319294726 -0.03385923624376847 0.9845532789976893 -0.1717800714165782 -23.17899965786842 0.07170652578512243 0.17382882996864393 0.9821617545147853 223.4496345022575
0.9967130932752347 0.020372616524981506 -0.07840896753332163 -15.165655787341775 -0.03376776877271631 0.984252488340555 -0.1735130455831377 -23.446218760695977 0.073639306663139 0.17559042027214908 0.9817052800218729 224.96129902833135
0.9970421670948721 0.014040525225290368 -0.07556309076633266 -15.375992657407094 -0.02598975639982765 0.9868456166256943 -0.15956271967138416 -23.98793634366449 0.0723287605108831 0.16105462613054394 0.9842916020188893 226.28214814830784
0.9966636657874859 0.01404617546905783 -0.08040051152663885 -15.413702343423134 -0.026486955616450245 0.9874283487910167 -0.15583227260749263 -24.360195906180234 0.07720089689391549 0.15744192884532485 0.9845059982347696 227.81152195030882
0.996069246914757 0.016148476131470076 -0.08709352484141797 -15.383463180768445 -0.030040229793451265 0.986555675217946 -0.16064085498159195 -24.592140312913546 0.08332850619462719 0.1626257249450152 0.9831628723876232 229.4303301606074
0.9960305069712315 0.019321805354093818 -0.08689014340241821 -15.540662890561096 -0.03362912280883602 0.9854932565409001 -0.1663494015965125 -24.80345215289136 0.08241547962453744 0.16861111810989302 0.9822311232943043 230.9742597397474
0.9961191237304557 0.01766178681286104 -0.0862250115978473 -15.683621700574797 -0.03172225587471069 0.9858609175389057 -0.16453555771189432 -25.113139905945967 0.08209987710521414 0.16663226745118123 0.9825951850194403 232.47404729398082
